1.2194559154963858
1.214062589839689
1.1084809103312678
1.3623725881691848
1.2624237500150965
1.3114420340481994
1.08137513315564
1.1563865833642935
1.382249227131646
1.3279913677630033
1.3810007432134932
1.3037944976322793
1.5041755317294887
1.420511345759874
1.5227780655100154
1.543091030897887
1.46985642316082
1.4599166838927857
1.4087925819697682
1.2036283481865502
1.5064341967068264
1.2814425436537424
1.2352678594492705
1.190711248429031
1.2124351615342295
1.31161383987046
1.3763495865253141
1.546339259392815
1.2880699631592423
1.494041881120854
1.5475168770158005
1.2959698920921958
1.4318900899127527
1.4160171980671177
1.316769759715903
1.2843191408423655
1.1799733158623926
1.2125121638175747
1.0803543538324785
1.0877756145732052
1.2099359678305857
1.185677100428233
1.333865061145607
1.4153076982872144
1.218363494412379
1.4193143202608023
1.4553781429185604
1.3063793223559839
1.4826311616436745
1.516982677480638
