A	0.0008024450385351875	0.0	0.0006199018409587408	0.0005307340008001854	0.0	0.0004894879048857159	0.0	0.0	0.0	0.0	0.0005830809338807977	0.0002969626888409474	0.0	0.0004985172484930671	0.00026868085678264986	0.0003222414437410029	0.00027105438568714727	0.00021677079123075596	0.0005904030513167054	0.0005197818130676061	0.0002654095195908046	0.00034579836843863466	0.00016415841445169708	0.0	0.0003092710297870389	0.000295921001532448	0.0	0.0	0.0	0.0	0.0	0.0	0.0005640418791275281	0.0	0.00020771365611206566	0.00037073378879645035	0.0	0.0	0.0002502922944290526	0.00026957440247739073	0.0	0.0004636899448156693	0.0	0.0	0.00023755735121676647	0.0001719969725551749	0.00018257443500637553	0.0004058471613418877	0.00013291576255230241	0.00018184035136399807
C	0.0	0.0	0.0	0.0	0.0	0.0004894879048857159	0.0	0.0	0.0	0.0	0.0	0.0	0.0	0.0	0.0	0.0	0.0	0.0	0.0	0.0	0.0	0.0	0.0	0.0	0.0	0.000591842003064896	0.0	0.0	0.0	0.0	0.0	0.0	0.00028202093956376404	0.0	0.00020771365611206566	0.0	0.0005457336266135683	0.00026463739617867355	0.0002502922944290526	0.0	0.0	0.0004636899448156693	0.0	0.0	0.0	0.0001719969725551749	0.0	0.0	0.0	0.00018184035136399807
D	0.0008024450385351875	0.0006733584421033425	0.0006199018409587408	0.0	0.0	0.0004894879048857159	0.0004147960145868329	0.0	0.0010151024702500689	0.0009123491765605615	0.0005830809338807977	0.0008908880665228423	0.0	0.0004985172484930671	0.0	0.0	0.0	0.000650312373692268	0.0	0.00025989090653380303	0.0002654095195908046	0.00017289918421931733	0.00016415841445169708	0.00013269504423417711	0.00015463551489351945	0.0	0.0	0.00027347949515626465	0.00029467609840910466	0.0	0.00030676642918336326	0.0	0.0005640418791275281	0.00053474356439445	0.00020771365611206566	0.00018536689439822517	0.0	0.0	0.0	0.00026957440247739073	0.0	0.0	0.00023819500893771644	0.00017514169927387177	0.00011877867560838324	0.0001719969725551749	0.00018257443500637553	0.0006087707420128316	0.00039874728765690727	0.0
E	0.0008024450385351875	0.001346716884206685	0.0006199018409587408	0.0015922020024005563	0.0	0.0	0.0012443880437604988	0.0	0.0005075512351250344	0.0009123491765605615	0.0008746214008211966	0.0	0.0002295077282578754	0.00024925862424653357	0.00026868085678264986	0.0009667243312230088	0.00027105438568714727	0.0	0.0	0.0005197818130676061	0.0007962285587724139	0.00017289918421931733	0.00032831682890339416	0.00026539008846835423	0.00015463551489351945	0.000295921001532448	0.0001802979362187263	0.0008204384854687941	0.0005893521968182093	0.0	0.00030676642918336326	0.0006239895369731646	0.0	0.000267371782197225	0.0004154273122241313	0.0	0.0005457336266135683	0.00026463739617867355	0.0001251461472145263	0.0	0.00040654093312896954	0.00023184497240783466	0.0009527800357508658	0.00017514169927387177	0.00023755735121676647	0.0003439939451103498	0.00018257443500637553	0.00020292358067094385	0.00013291576255230241	0.00018184035136399807
F	0.0	0.001346716884206685	0.0012398036819174815	0.0	0.0	0.0004894879048857159	0.0	0.0	0.0	0.0	0.0	0.0	0.0	0.0	0.00026868085678264986	0.0	0.0	0.0	0.0	0.00025989090653380303	0.0	0.00017289918421931733	0.00016415841445169708	0.0	0.00015463551489351945	0.0	0.0001802979362187263	0.0	0.0005893521968182093	0.00026315721715373025	0.0006135328583667265	0.0006239895369731646	0.0	0.0	0.0	0.00037073378879645035	0.0	0.0007939121885360208	0.0	0.00026957440247739073	0.00040654093312896954	0.0	0.00023819500893771644	0.0	0.00011877867560838324	0.0003439939451103498	0.0	0.0	0.0	0.0
G	0.0	0.0	0.0	0.0005307340008001854	0.0005832868260425719	0.0004894879048857159	0.0	0.0004584373829041343	0.0	0.00045617458828028077	0.0	0.0002969626888409474	0.0002295077282578754	0.0	0.00026868085678264986	0.0	0.0	0.0	0.0	0.0005197818130676061	0.0002654095195908046	0.00017289918421931733	0.00032831682890339416	0.0	0.0	0.000295921001532448	0.0001802979362187263	0.0	0.00029467609840910466	0.0007894716514611907	0.0	0.0006239895369731646	0.0	0.0010694871287889	0.0	0.0	0.00027286681330678414	0.0007939121885360208	0.0	0.00026957440247739073	0.0	0.00023184497240783466	0.00023819500893771644	0.00017514169927387177	0.00023755735121676647	0.0003439939451103498	0.00036514887001275106	0.0	0.00013291576255230241	0.0
H	0.0	0.0	0.0	0.0	0.0	0.0	0.0	0.0	0.0005075512351250344	0.0	0.00029154046694039885	0.0	0.0	0.00024925862424653357	0.0	0.0	0.00027105438568714727	0.00021677079123075596	0.0002952015256583527	0.0	0.0002654095195908046	0.0	0.0	0.0	0.0	0.0	0.0	0.0	0.0	0.0	0.00030676642918336326	0.0	0.0	0.0	0.00020771365611206566	0.0	0.00027286681330678414	0.00026463739617867355	0.0	0.0	0.0	0.0	0.0	0.0	0.00023755735121676647	0.0003439939451103498	0.0	0.0	0.0	0.00036368070272799614
I	0.001604890077070375	0.0	0.0006199018409587408	0.0015922020024005563	0.0005832868260425719	0.0	0.0008295920291736659	0.0	0.0005075512351250344	0.0	0.00029154046694039885	0.0002969626888409474	0.0	0.0	0.0	0.0006444828874820058	0.0008131631570614418	0.0	0.0002952015256583527	0.00025989090653380303	0.0002654095195908046	0.0	0.0	0.00039808513270253137	0.00015463551489351945	0.000591842003064896	0.0	0.00027347949515626465	0.00029467609840910466	0.00026315721715373025	0.00030676642918336326	0.0	0.00028202093956376404	0.0	0.00020771365611206566	0.00018536689439822517	0.0	0.00026463739617867355	0.0001251461472145263	0.00026957440247739073	0.0	0.0009273798896313386	0.0	0.00017514169927387177	0.0	0.0	0.0005477233050191267	0.0	0.00013291576255230241	0.00018184035136399807
K	0.0	0.00269343376841337	0.0006199018409587408	0.0005307340008001854	0.0017498604781277158	0.0014684637146571476	0.0004147960145868329	0.0009168747658082686	0.0	0.001824698353121123	0.0	0.0002969626888409474	0.0009180309130315016	0.0004985172484930671	0.0005373617135652997	0.0	0.0005421087713742945	0.0004335415824615119	0.0011808061026334108	0.0	0.0002654095195908046	0.0005186975526579521	0.00016415841445169708	0.00013269504423417711	0.0	0.0008877630045973441	0.0003605958724374526	0.0010939179806250586	0.0005893521968182093	0.0007894716514611907	0.0006135328583667265	0.0003119947684865823	0.0005640418791275281	0.00053474356439445	0.00020771365611206566	0.00018536689439822517	0.0005457336266135683	0.0	0.0002502922944290526	0.00026957440247739073	0.00020327046656448477	0.000695534917223504	0.0	0.00035028339854774353	0.00011877867560838324	0.0	0.0005477233050191267	0.0	0.00013291576255230241	0.00018184035136399807
L	0.004814670231211125	0.0006733584421033425	0.0006199018409587408	0.0015922020024005563	0.0011665736520851439	0.0014684637146571476	0.0008295920291736659	0.0013753121487124031	0.0010151024702500689	0.00045617458828028077	0.00029154046694039885	0.0005939253776818948	0.0002295077282578754	0.00024925862424653357	0.0008060425703479495	0.0006444828874820058	0.0	0.0004335415824615119	0.0	0.0	0.0	0.00034579836843863466	0.00032831682890339416	0.00013269504423417711	0.0	0.0	0.0003605958724374526	0.00027347949515626465	0.0005893521968182093	0.0005263144343074605	0.00030676642918336326	0.000935984305459747	0.0005640418791275281	0.000267371782197225	0.00020771365611206566	0.00018536689439822517	0.0005457336266135683	0.0007939121885360208	0.0005005845888581052	0.0008087232074321723	0.00040654093312896954	0.00023184497240783466	0.00023819500893771644	0.0007005667970954871	0.00023755735121676647	0.0001719969725551749	0.00036514887001275106	0.00020292358067094385	0.00026583152510460483	0.0
M	0.0	0.0	0.0	0.0005307340008001854	0.0	0.0	0.0004147960145868329	0.0009168747658082686	0.0005075512351250344	0.0	0.0	0.0002969626888409474	0.0	0.0	0.0	0.0	0.00027105438568714727	0.0	0.0	0.0	0.0002654095195908046	0.0	0.0	0.0	0.0	0.0	0.0	0.0	0.00029467609840910466	0.00026315721715373025	0.0	0.0	0.0	0.0	0.00020771365611206566	0.0	0.0	0.0	0.0	0.0	0.0	0.0	0.00023819500893771644	0.0	0.0	0.0	0.0	0.00020292358067094385	0.00013291576255230241	0.00018184035136399807
N	0.0	0.0006733584421033425	0.0	0.0005307340008001854	0.0005832868260425719	0.0	0.0	0.0004584373829041343	0.0010151024702500689	0.0009123491765605615	0.00029154046694039885	0.0002969626888409474	0.0	0.0007477758727396008	0.00026868085678264986	0.0006444828874820058	0.0	0.00021677079123075596	0.0008856045769750582	0.0005197818130676061	0.0	0.0	0.00016415841445169708	0.0	0.00015463551489351945	0.000295921001532448	0.0003605958724374526	0.00027347949515626465	0.0005893521968182093	0.00026315721715373025	0.00030676642918336326	0.0003119947684865823	0.0008460628186912922	0.0	0.0	0.0	0.0010914672532271366	0.00026463739617867355	0.0001251461472145263	0.00026957440247739073	0.0006098113996934544	0.0	0.00023819500893771644	0.0	0.0	0.0001719969725551749	0.0	0.00020292358067094385	0.00013291576255230241	0.00036368070272799614
P	0.0	0.0	0.0012398036819174815	0.0005307340008001854	0.0005832868260425719	0.0	0.0	0.0	0.0005075512351250344	0.0	0.0	0.0002969626888409474	0.0	0.00024925862424653357	0.00026868085678264986	0.0003222414437410029	0.00027105438568714727	0.00021677079123075596	0.0	0.0	0.0005308190391816092	0.0	0.00016415841445169708	0.00013269504423417711	0.0	0.000591842003064896	0.0001802979362187263	0.0008204384854687941	0.0	0.0	0.0	0.0	0.0	0.000267371782197225	0.00020771365611206566	0.0	0.00027286681330678414	0.0	0.0	0.0	0.0	0.0	0.0	0.00017514169927387177	0.00023755735121676647	0.0	0.0	0.0	0.0	0.00036368070272799614
Q	0.0008024450385351875	0.0	0.0	0.0	0.0005832868260425719	0.0009789758097714318	0.0	0.0	0.0005075512351250344	0.0	0.00029154046694039885	0.0	0.0004590154565157508	0.0	0.0	0.0	0.00027105438568714727	0.00021677079123075596	0.0	0.0005197818130676061	0.0	0.00034579836843863466	0.0	0.00013269504423417711	0.0003092710297870389	0.000295921001532448	0.0003605958724374526	0.0005469589903125293	0.0	0.0	0.0006135328583667265	0.0	0.0	0.0	0.0	0.0005561006831946755	0.0	0.0	0.0001251461472145263	0.00026957440247739073	0.0006098113996934544	0.0004636899448156693	0.0007145850268131494	0.0	0.0	0.0001719969725551749	0.0	0.00020292358067094385	0.0	0.0
R	0.0	0.001346716884206685	0.002479607363834963	0.0005307340008001854	0.0017498604781277158	0.0004894879048857159	0.0004147960145868329	0.0018337495316165372	0.0005075512351250344	0.00045617458828028077	0.00029154046694039885	0.0002969626888409474	0.0004590154565157508	0.00024925862424653357	0.0	0.0	0.00027105438568714727	0.00021677079123075596	0.0002952015256583527	0.00025989090653380303	0.0	0.0	0.0	0.0	0.00015463551489351945	0.0	0.0003605958724374526	0.0	0.0	0.00026315721715373025	0.0009202992875500898	0.0003119947684865823	0.0	0.000267371782197225	0.00020771365611206566	0.0	0.0	0.00026463739617867355	0.0001251461472145263	0.00026957440247739073	0.00040654093312896954	0.00023184497240783466	0.00023819500893771644	0.0	0.0	0.0001719969725551749	0.0	0.0004058471613418877	0.0	0.00018184035136399807
S	0.0	0.001346716884206685	0.0006199018409587408	0.0	0.0005832868260425719	0.0014684637146571476	0.0004147960145868329	0.0004584373829041343	0.0	0.00045617458828028077	0.0	0.0005939253776818948	0.0006885231847736262	0.0004985172484930671	0.0005373617135652997	0.0003222414437410029	0.00027105438568714727	0.0004335415824615119	0.0005904030513167054	0.0005197818130676061	0.0010616380783632184	0.00017289918421931733	0.00032831682890339416	0.00026539008846835423	0.0006185420595740778	0.000295921001532448	0.0001802979362187263	0.0	0.00029467609840910466	0.00026315721715373025	0.0	0.0006239895369731646	0.0008460628186912922	0.00053474356439445	0.0004154273122241313	0.00037073378879645035	0.0	0.00026463739617867355	0.0001251461472145263	0.0	0.0	0.0	0.00023819500893771644	0.00035028339854774353	0.00011877867560838324	0.0001719969725551749	0.00018257443500637553	0.0	0.0	0.00018184035136399807
T	0.0008024450385351875	0.0	0.0	0.0005307340008001854	0.0005832868260425719	0.0	0.0004147960145868329	0.0	0.0005075512351250344	0.00045617458828028077	0.00029154046694039885	0.0002969626888409474	0.0004590154565157508	0.00024925862424653357	0.0005373617135652997	0.0	0.0005421087713742945	0.00021677079123075596	0.0005904030513167054	0.0	0.0002654095195908046	0.00017289918421931733	0.0	0.00026539008846835423	0.0003092710297870389	0.0	0.0	0.0	0.00029467609840910466	0.0	0.0	0.0	0.0	0.00053474356439445	0.0	0.0005561006831946755	0.0005457336266135683	0.00026463739617867355	0.0	0.0005391488049547815	0.00020327046656448477	0.0	0.0004763900178754329	0.0005254250978216153	0.0	0.0001719969725551749	0.0	0.00020292358067094385	0.00026583152510460483	0.00018184035136399807
V	0.0024073351156055625	0.0	0.0006199018409587408	0.0	0.0005832868260425719	0.0	0.0008295920291736659	0.0009168747658082686	0.0005075512351250344	0.00045617458828028077	0.0008746214008211966	0.0002969626888409474	0.0002295077282578754	0.0	0.0005373617135652997	0.0003222414437410029	0.00027105438568714727	0.00021677079123075596	0.0002952015256583527	0.0	0.0	0.00017289918421931733	0.00032831682890339416	0.00039808513270253137	0.00015463551489351945	0.0	0.0003605958724374526	0.00027347949515626465	0.00029467609840910466	0.00026315721715373025	0.0006135328583667265	0.0006239895369731646	0.0	0.000267371782197225	0.000623140968336197	0.00018536689439822517	0.0	0.0	0.0	0.0008087232074321723	0.00020327046656448477	0.0	0.0	0.00017514169927387177	0.0	0.0	0.00018257443500637553	0.0004058471613418877	0.00013291576255230241	0.0
W	0.0008024450385351875	0.0	0.0	0.0	0.0	0.0	0.0	0.0	0.0005075512351250344	0.00045617458828028077	0.0	0.0	0.0	0.0	0.0	0.0	0.0	0.0	0.0	0.0	0.0	0.0	0.0	0.0	0.0	0.000295921001532448	0.0	0.0	0.0	0.00026315721715373025	0.0	0.0	0.0	0.0	0.0	0.0	0.0	0.0	0.0	0.0	0.0	0.0	0.0	0.0	0.0	0.0	0.0	0.0	0.00013291576255230241	0.00018184035136399807
Y	0.0	0.001346716884206685	0.0006199018409587408	0.0	0.0005832868260425719	0.0	0.0008295920291736659	0.0004584373829041343	0.0005075512351250344	0.0	0.0	0.0	0.0	0.0	0.0	0.0012889657749640116	0.00027105438568714727	0.0	0.0	0.00025989090653380303	0.0	0.00017289918421931733	0.00016415841445169708	0.0	0.0	0.000295921001532448	0.0	0.0	0.0	0.00026315721715373025	0.0	0.0003119947684865823	0.00028202093956376404	0.0	0.0	0.0	0.0	0.0	0.0001251461472145263	0.0	0.0	0.0	0.0	0.0	0.00011877867560838324	0.0	0.00036514887001275106	0.0004058471613418877	0.00013291576255230241	0.00018184035136399807
