A	0.0	0.0007097469270233598	0.0007654591335200398	0.0	0.0	0.0	0.0012694329582503612	0.0	0.0	0.0	0.0	0.00033313912503392433	0.0	0.0005803179966775987	0.0003531208306217251	0.0	0.00044714524844510013	0.00020421131162226018	0.0	0.0	0.00023915899605304777	0.00043175733603880513	0.0002335995736534486	0.0	0.000538387635817612	0.0	0.0	0.0	0.00029003049234850874	0.00031272343904068303	0.0	0.00017338943984271182	0.0	0.0	0.0002235526425202665	0.0	0.00012649316566414975	0.0	0.0	0.00011950677781255052	0.0001649123597186349	0.00036618116174802907	0.0005744356460059793	0.00039320217921151417	0.0	0.0003161396321444242	0.0	0.0	0.00013192808634815442	0.0001397667127751997
C	0.0	0.0	0.0	0.0	0.0	0.0	0.0	0.0	0.0	0.0	0.0	0.0	0.0	0.0	0.0	0.0	0.0	0.0	0.00023428949183423905	0.000249349668094058	0.0	0.0	0.0	0.0	0.0	0.00015333604264487004	0.0	0.00022118153440014863	0.0	0.0	0.0	0.0	0.0	0.0	0.0002235526425202665	0.00044507029900965644	0.0	0.0	0.0	0.0	0.0	0.0	0.0	0.00019660108960575708	0.0	0.0	0.0	0.00012625369285486137	0.0	0.0
D	0.0	0.0007097469270233598	0.0015309182670400795	0.0	0.0005230135699138997	0.0	0.0	0.0003808352094216513	0.0	0.00037245066026569767	0.0007838870641407493	0.00033313912503392433	0.00029737431514268646	0.0	0.0010593624918651754	0.0002927286591754292	0.0	0.00020421131162226018	0.00023428949183423905	0.000249349668094058	0.00047831799210609554	0.00021587866801940257	0.0004671991473068972	0.0001961024783366644	0.00035892509054507465	0.00015333604264487004	0.00027039586659597737	0.00022118153440014863	0.0	0.0	0.00012859093761377415	0.00034677887968542363	0.00017946000913441582	0.0	0.000894210570081066	0.0	0.0	0.00025025944867129187	0.0	0.00011950677781255052	0.0003298247194372698	0.00018309058087401453	0.00019147854866865974	0.00039320217921151417	0.0	0.0	0.00012120853029625684	0.00012625369285486137	0.0	0.0001397667127751997
E	0.0	0.0	0.0	0.001020562288640474	0.0	0.0013937878087416072	0.0	0.0007616704188433026	0.0009207599237916861	0.0	0.00039194353207037464	0.00033313912503392433	0.00029737431514268646	0.0005803179966775987	0.0007062416612434502	0.0002927286591754292	0.00022357262422255007	0.00020421131162226018	0.00023428949183423905	0.000997398672376232	0.00047831799210609554	0.00021587866801940257	0.0002335995736534486	0.0001961024783366644	0.00017946254527253732	0.0003066720852897401	0.0008111875997879322	0.0006635446032004459	0.00029003049234850874	0.0	0.00012859093761377415	0.00017338943984271182	0.0005383800274032475	0.00037739893843112207	0.0	0.00044507029900965644	0.0	0.0005005188973425837	0.00030825862186175887	0.00023901355562510105	0.0003298247194372698	0.00036618116174802907	0.0	0.0	0.00014525607031025433	0.0004742094482166364	0.00048483412118502736	0.0003787610785645841	0.00026385617269630883	0.0001397667127751997
F	0.0	0.0	0.0	0.0	0.0005230135699138997	0.0009291918724944047	0.0008462886388335741	0.0	0.00046037996189584305	0.00037245066026569767	0.0	0.0	0.0005947486302853729	0.0	0.0003531208306217251	0.0005854573183508584	0.0	0.0	0.0004685789836684781	0.0	0.00023915899605304777	0.00043175733603880513	0.0	0.0	0.0	0.0	0.00027039586659597737	0.0	0.0	0.0	0.0	0.00034677887968542363	0.0	0.0	0.0002235526425202665	0.00044507029900965644	0.0	0.0	0.0	0.00011950677781255052	0.0001649123597186349	0.00036618116174802907	0.0	0.00019660108960575708	0.00029051214062050866	0.0	0.00012120853029625684	0.0	0.00013192808634815442	0.0001397667127751997
G	0.0	0.0	0.0011481887002800597	0.001020562288640474	0.0010460271398277995	0.0	0.0	0.0003808352094216513	0.0	0.00037245066026569767	0.0007838870641407493	0.0006662782500678487	0.00029737431514268646	0.0005803179966775987	0.0003531208306217251	0.0005854573183508584	0.00022357262422255007	0.00040842262324452036	0.00023428949183423905	0.000249349668094058	0.00047831799210609554	0.00021587866801940257	0.0002335995736534486	0.0001961024783366644	0.00017946254527253732	0.0	0.00027039586659597737	0.00044236306880029725	0.0	0.00015636171952034152	0.0	0.00017338943984271182	0.00017946000913441582	0.00037739893843112207	0.0	0.00022253514950482822	0.0002529863313282995	0.0	0.00015412931093087943	0.00011950677781255052	0.0001649123597186349	0.0	0.0	0.0	0.00014525607031025433	0.0001580698160722121	0.0	0.0	0.0	0.0
H	0.0	0.0	0.0	0.0	0.0005230135699138997	0.0	0.00042314431941678705	0.0	0.0	0.0	0.0	0.00033313912503392433	0.0	0.0002901589983387994	0.0	0.0	0.0	0.00020421131162226018	0.0	0.0	0.00023915899605304777	0.0	0.0002335995736534486	0.0005883074350099932	0.0	0.0	0.0	0.0	0.0	0.0	0.0	0.0	0.00017946000913441582	0.00037739893843112207	0.0	0.0	0.0002529863313282995	0.0	0.0	0.00011950677781255052	0.0	0.00018309058087401453	0.00019147854866865974	0.0	0.00014525607031025433	0.0003161396321444242	0.0	0.0	0.0	0.0
I	0.0	0.0	0.0007654591335200398	0.0	0.0	0.00046459593624720237	0.00042314431941678705	0.0	0.00046037996189584305	0.00037245066026569767	0.00039194353207037464	0.00033313912503392433	0.00029737431514268646	0.0005803179966775987	0.0	0.0002927286591754292	0.0	0.0	0.0	0.000249349668094058	0.00023915899605304777	0.00021587866801940257	0.0	0.0001961024783366644	0.00035892509054507465	0.0003066720852897401	0.0	0.00022118153440014863	0.0005800609846970175	0.0004690851585610246	0.00012859093761377415	0.0	0.00035892001826883164	0.00018869946921556104	0.0	0.0	0.00037947949699244926	0.0010010377946851675	0.00030825862186175887	0.0	0.0001649123597186349	0.00018309058087401453	0.00019147854866865974	0.0	0.0	0.0	0.00012120853029625684	0.00025250738570972275	0.00026385617269630883	0.0002795334255503994
K	0.0	0.0	0.0003827295667600199	0.0	0.0010460271398277995	0.0	0.0008462886388335741	0.0007616704188433026	0.00046037996189584305	0.0011173519807970932	0.0007838870641407493	0.00033313912503392433	0.00029737431514268646	0.0005803179966775987	0.0003531208306217251	0.0005854573183508584	0.0	0.00020421131162226018	0.0004685789836684781	0.000249349668094058	0.0	0.00021587866801940257	0.0007007987209603459	0.0007844099133466575	0.00035892509054507465	0.0003066720852897401	0.0005407917331919547	0.00044236306880029725	0.0008700914770455263	0.00015636171952034152	0.0002571818752275483	0.0	0.00035892001826883164	0.0005660984076466831	0.0	0.00044507029900965644	0.0	0.0005005188973425837	0.00030825862186175887	0.00011950677781255052	0.0001649123597186349	0.00018309058087401453	0.0003829570973373195	0.0	0.00014525607031025433	0.0	0.00012120853029625684	0.00012625369285486137	0.0	0.0
L	0.0008499724848675819	0.0	0.0	0.000510281144320237	0.0010460271398277995	0.0009291918724944047	0.0012694329582503612	0.0007616704188433026	0.0	0.0011173519807970932	0.001175830596211124	0.0	0.00029737431514268646	0.0002901589983387994	0.0003531208306217251	0.0002927286591754292	0.0008942904968902003	0.0006126339348667806	0.00023428949183423905	0.000249349668094058	0.0	0.0006476360040582077	0.0	0.0001961024783366644	0.0	0.0003066720852897401	0.00027039586659597737	0.00044236306880029725	0.0008700914770455263	0.0006254468780813661	0.00038577281284132245	0.00017338943984271182	0.00017946000913441582	0.00037739893843112207	0.0002235526425202665	0.0008901405980193129	0.00012649316566414975	0.0005005188973425837	0.0	0.00011950677781255052	0.0001649123597186349	0.00018309058087401453	0.00019147854866865974	0.00039320217921151417	0.0	0.0001580698160722121	0.00012120853029625684	0.0	0.0	0.0002795334255503994
M	0.01359955975788131	0.0	0.0	0.0	0.0	0.0	0.0	0.0	0.0	0.0	0.0	0.0	0.0	0.0002901589983387994	0.0	0.0	0.00022357262422255007	0.0	0.0	0.0	0.0	0.0	0.0	0.0	0.00017946254527253732	0.0	0.0	0.0	0.0	0.0	0.0	0.00017338943984271182	0.0	0.0	0.0	0.0	0.00012649316566414975	0.0	0.0	0.0	0.0003298247194372698	0.0	0.0	0.00019660108960575708	0.0	0.0	0.0	0.00012625369285486137	0.00013192808634815442	0.0001397667127751997
N	0.0	0.0014194938540467196	0.0	0.0	0.0010460271398277995	0.0009291918724944047	0.00042314431941678705	0.0007616704188433026	0.0009207599237916861	0.00037245066026569767	0.0007838870641407493	0.00033313912503392433	0.0008921229454280595	0.0	0.0010593624918651754	0.0	0.0	0.00020421131162226018	0.0004685789836684781	0.000498699336188116	0.00023915899605304777	0.0	0.0002335995736534486	0.0001961024783366644	0.0	0.0	0.0005407917331919547	0.00044236306880029725	0.0	0.00015636171952034152	0.0002571818752275483	0.0	0.0	0.00018869946921556104	0.0002235526425202665	0.00022253514950482822	0.0	0.0	0.0	0.00023901355562510105	0.0001649123597186349	0.0007323623234960581	0.0	0.00019660108960575708	0.00029051214062050866	0.0001580698160722121	0.0	0.0	0.00013192808634815442	0.0001397667127751997
P	0.0	0.0014194938540467196	0.0	0.0	0.0	0.0	0.00042314431941678705	0.0003808352094216513	0.00046037996189584305	0.0007449013205313953	0.00039194353207037464	0.00033313912503392433	0.00029737431514268646	0.0	0.0003531208306217251	0.0	0.0	0.0	0.0004685789836684781	0.000249349668094058	0.0007174769881591434	0.00021587866801940257	0.0002335995736534486	0.0	0.0	0.0003066720852897401	0.00027039586659597737	0.0	0.00029003049234850874	0.00015636171952034152	0.0	0.0	0.00017946000913441582	0.00018869946921556104	0.0002235526425202665	0.0	0.0002529863313282995	0.0	0.00015412931093087943	0.00011950677781255052	0.0	0.0	0.0	0.00039320217921151417	0.0	0.0001580698160722121	0.00012120853029625684	0.00012625369285486137	0.00013192808634815442	0.0001397667127751997
Q	0.0	0.0	0.0003827295667600199	0.001020562288640474	0.0005230135699138997	0.00046459593624720237	0.00042314431941678705	0.0007616704188433026	0.0	0.00037245066026569767	0.00039194353207037464	0.00033313912503392433	0.00029737431514268646	0.0002901589983387994	0.0003531208306217251	0.0	0.00022357262422255007	0.0	0.00023428949183423905	0.0	0.00023915899605304777	0.00021587866801940257	0.0004671991473068972	0.0001961024783366644	0.00017946254527253732	0.0	0.0	0.00044236306880029725	0.0005800609846970175	0.00015636171952034152	0.0	0.00034677887968542363	0.00035892001826883164	0.0	0.0	0.00022253514950482822	0.0	0.0005005188973425837	0.00030825862186175887	0.00011950677781255052	0.0003298247194372698	0.00018309058087401453	0.0	0.00019660108960575708	0.00014525607031025433	0.0	0.0	0.00012625369285486137	0.0	0.0001397667127751997
R	0.0	0.0	0.0	0.000510281144320237	0.0005230135699138997	0.0009291918724944047	0.00042314431941678705	0.0003808352094216513	0.0013811398856875292	0.00037245066026569767	0.0	0.0	0.00029737431514268646	0.0002901589983387994	0.0	0.0002927286591754292	0.00022357262422255007	0.00020421131162226018	0.00023428949183423905	0.000249349668094058	0.0	0.0	0.0004671991473068972	0.0	0.00017946254527253732	0.00015333604264487004	0.0005407917331919547	0.0	0.0	0.0	0.00012859093761377415	0.00017338943984271182	0.0	0.0	0.0002235526425202665	0.0	0.0	0.00025025944867129187	0.0	0.0	0.0	0.0	0.0	0.00039320217921151417	0.00014525607031025433	0.0	0.00012120853029625684	0.0	0.00026385617269630883	0.0
S	0.0	0.006387722343210238	0.0	0.0	0.002092054279655599	0.0009291918724944047	0.0	0.0	0.00046037996189584305	0.00037245066026569767	0.0	0.000999417375101773	0.00029737431514268646	0.0	0.0003531208306217251	0.0008781859775262877	0.00044714524844510013	0.00040842262324452036	0.0004685789836684781	0.000498699336188116	0.0	0.00021587866801940257	0.0002335995736534486	0.0	0.00017946254527253732	0.00015333604264487004	0.00027039586659597737	0.0	0.00029003049234850874	0.0	0.00038577281284132245	0.0005201683195281355	0.00017946000913441582	0.00018869946921556104	0.0011177632126013325	0.00022253514950482822	0.0002529863313282995	0.0005005188973425837	0.0004623879327926383	0.0003585203334376516	0.0001649123597186349	0.0	0.0005744356460059793	0.00039320217921151417	0.0007262803515512718	0.0006322792642888484	0.00036362559088877055	0.0006312684642743069	0.00039578425904446333	0.0005590668511007988
T	0.0	0.0007097469270233598	0.0003827295667600199	0.0030616868659214223	0.0	0.0009291918724944047	0.00042314431941678705	0.0	0.00046037996189584305	0.00037245066026569767	0.0007838870641407493	0.00033313912503392433	0.0	0.0002901589983387994	0.0	0.0002927286591754292	0.00044714524844510013	0.0	0.0	0.0	0.0	0.00021587866801940257	0.0	0.0005883074350099932	0.00035892509054507465	0.0	0.00027039586659597737	0.00022118153440014863	0.00029003049234850874	0.00031272343904068303	0.0	0.00017338943984271182	0.0	0.00037739893843112207	0.0002235526425202665	0.0	0.0	0.0	0.00030825862186175887	0.00011950677781255052	0.0	0.0	0.0003829570973373195	0.0	0.0	0.0001580698160722121	0.00012120853029625684	0.0	0.00013192808634815442	0.0
V	0.0	0.0007097469270233598	0.0011481887002800597	0.000510281144320237	0.0	0.0	0.0	0.0007616704188433026	0.00046037996189584305	0.0	0.0	0.0006662782500678487	0.00029737431514268646	0.0002901589983387994	0.0	0.0005854573183508584	0.00044714524844510013	0.00040842262324452036	0.0	0.000249349668094058	0.00047831799210609554	0.00021587866801940257	0.0	0.0	0.0	0.00015333604264487004	0.0	0.0	0.0	0.00015636171952034152	0.00038577281284132245	0.0	0.0	0.0	0.0	0.00022253514950482822	0.0	0.00025025944867129187	0.00015412931093087943	0.0	0.0001649123597186349	0.00018309058087401453	0.0005744356460059793	0.0	0.00029051214062050866	0.0001580698160722121	0.00024241706059251368	0.0	0.00013192808634815442	0.0
W	0.0	0.0	0.0	0.0	0.0	0.0	0.0	0.0	0.0	0.0	0.0	0.0	0.0	0.0	0.0	0.0	0.0	0.0	0.0	0.0	0.0	0.0	0.0002335995736534486	0.0	0.0	0.0	0.0	0.0	0.0	0.0	0.0	0.00017338943984271182	0.0	0.0	0.0	0.0	0.0	0.0	0.0	0.0	0.0	0.0	0.0	0.0	0.0	0.0	0.0	0.0	0.0	0.0
Y	0.0	0.0	0.0	0.001020562288640474	0.0	0.0	0.0	0.0003808352094216513	0.0013811398856875292	0.0	0.0	0.0	0.00029737431514268646	0.0	0.0003531208306217251	0.0	0.0	0.00020421131162226018	0.0	0.0	0.0	0.0	0.0	0.0	0.0	0.0003066720852897401	0.00027039586659597737	0.0	0.0005800609846970175	0.0	0.0	0.0	0.00035892001826883164	0.0	0.0	0.0	0.00037947949699244926	0.0	0.00015412931093087943	0.0	0.0	0.0	0.0	0.0	0.0	0.0	0.0	0.00012625369285486137	0.00013192808634815442	0.0001397667127751997
