A	0.0003566277948374397	0.0007101123390458613	0.0005219745708577982	0.00024894314187310854	0.0005640758994802614	0.0005743815619465298	0.000498717100212635	0.0007303555101963043	0.00018023300519386394	0.0002218740401548681	0.0002794384929613694	0.00035994243187443924	0.00045461259075951473	0.0004955479467655174	0.0003880593457530129	0.00025096247171252156	0.00019438222030248686	0.0002268820263881265	0.00021336256894001227	0.000308139856956241	0.0002396229361578673	0.00028013634839681514	8.177018653693711e-05	0.0002570420420924428	0.00023273872053926114	0.00013032171894728154	0.0002722461290195194	0.0004371946990001713	0.00017266162542837912	0.00012736191001409272	0.0002270929969835474	0.00027645103780814587	0.00010967602302958707	0.0001763612793916413	0.0004813798163105732	0.0001332920457928764	0.00016646316362480023	0.00017559765518243922	3.0194297664136672e-05	0.00031733349927864126	9.853209676245498e-05	0.00015669136307615693	0.0001932030292680155	0.00012750051695550708	0.00019240089372879793	0.00023470416729189054	0.00018507625433995784	0.00018055904254806946	0.0002025542449743191	0.00015424255017696626
C	0.0	0.0	8.699576180963304e-05	8.298104729103617e-05	8.058227135432307e-05	0.00014359539048663245	0.0	6.63959554723913e-05	6.007766839795465e-05	0.0	0.0	5.142034741063418e-05	5.051251008439053e-05	4.9554794676551736e-05	4.8507418219126615e-05	0.0	0.00019438222030248686	9.075281055525059e-05	0.0	4.401997956517729e-05	0.0	0.0	0.0	4.2840340348740466e-05	3.8789786756543524e-05	6.516085947364077e-05	0.0	7.286578316669522e-05	0.0	3.184047750352318e-05	9.732557013580605e-05	0.0	3.655867434319569e-05	7.054451175665651e-05	3.7029216639274866e-05	3.33230114482191e-05	0.0	2.926627586373987e-05	6.0388595328273344e-05	0.0	2.4633024190613745e-05	2.6115227179359488e-05	8.280129825772093e-05	0.0	0.0	0.0	2.6439464905708266e-05	2.2569880318508682e-05	0.0	0.0
D	0.0007132555896748794	0.0005072230993184724	0.0006089703326674313	0.00024894314187310854	0.0007252404421889075	0.00043078617145989734	0.0005699624002430115	0.00019918786641717393	0.0002403106735918186	0.0006101536104258872	0.0006147646845150126	0.00035994243187443924	0.0003030750605063432	0.0003468835627358621	0.0002425370910956331	0.00025096247171252156	0.0005345511058318388	0.00031763483694337703	0.00038405262409202205	0.0003521598365214183	0.0001597486241052449	0.00024011687005441303	0.000367965839416217	0.00042840340348740467	0.00023273872053926114	0.0004561260163154853	6.0499139782115426e-05	0.00021859734950008565	0.0003107909257710824	0.00019104286502113907	0.0001946511402716121	0.00019746502700581847	0.0002559107204023698	0.00024690579114829776	0.0002221752998356492	0.00029990710303397184	0.00016646316362480023	0.00020486393104617907	0.00027174867897723006	0.00047600024891796184	9.853209676245498e-05	0.0002089218174348759	0.0001932030292680155	0.00025500103391101417	0.00024737257765131165	0.00023470416729189054	0.0001586367894342496	0.00015798916222956077	0.0002025542449743191	0.000246788080283146
E	0.0008321315212873592	0.00040577847945477794	0.0007829618562866974	0.0005808673310372532	0.0004834936281259384	0.0003589884762165811	0.0006412077002733879	0.0005311676437791304	0.0008410873575713649	0.0002773425501935851	0.000447101588738191	0.000565623821516976	0.00035358757059073367	0.0002477739733827587	0.0003395519275338863	0.0003513474603975301	0.00024297777537810858	0.0002722584316657518	0.00038405262409202205	0.0003521598365214183	0.0003993715602631122	0.00048023374010882605	0.000367965839416217	0.0002570420420924428	0.00038789786756543524	0.00019548257842092232	0.00036299483869269255	0.0002550302410834332	0.0004489202261137857	0.0003184047750352318	0.0002919767104074181	0.00027645103780814587	0.00021935204605917413	0.0004232670705399391	0.00014811686655709946	0.00019993806868931458	0.00016646316362480023	0.00026339648277365883	0.00024155438131309338	0.00022213344949504888	0.0001724311693342962	0.00013057613589679745	0.00013800216376286823	0.00028687616314989093	0.00019240089372879793	0.0002053661463804042	0.00021151571924566613	9.027952127403473e-05	0.00012659640310894944	0.0005244246706016853
F	0.0005943796580623995	0.0005072230993184724	0.0002609872854288991	0.0003319241891641447	0.0006446581708345845	0.0005743815619465298	0.00035622650015188216	0.00019918786641717393	0.0002403106735918186	0.0004437480803097362	0.0001676630957768216	5.142034741063418e-05	0.00025256255042195266	9.910958935310347e-05	9.701483643825323e-05	0.00015057748302751294	0.00014578666522686515	0.0002268820263881265	0.0001706900551520098	0.0002641198773910637	0.00011981146807893365	0.00012005843502720651	0.00012265527980540568	0.00017136136139496186	7.757957351308705e-05	0.00016290214868410193	0.00012099827956423085	0.00018216445791673804	0.0001381293003427033	0.0003184047750352318	6.488371342387069e-05	0.00027645103780814587	7.311734868639138e-05	0.00014108902351331302	3.7029216639274866e-05	0.00023326108013753367	0.00011097544241653349	8.779882759121961e-05	0.0	0.0001269333997114565	9.853209676245498e-05	7.834568153807846e-05	0.00011040173101029458	0.00015937564619438385	5.49716839225137e-05	0.00011735208364594527	0.00018507625433995784	6.770964095552604e-05	0.0001772349643525292	3.084851003539325e-05
G	0.0004755037264499196	0.00020288923972738897	0.0004349788090481652	0.0005808673310372532	0.0002417468140629692	0.0002871907809732649	0.00035622650015188216	0.0002655838218895652	6.007766839795465e-05	0.00016640553011615107	0.00011177539718454775	0.0002571017370531709	0.0003030750605063432	4.9554794676551736e-05	0.00014552225465737985	0.00015057748302751294	0.00034016888552935195	0.0002268820263881265	0.00021336256894001227	0.0002641198773910637	0.0001996857801315561	0.0004001947834240217	0.00032708074614774845	0.00042840340348740467	0.00027152850729580464	0.00032580429736820386	0.00018149741934634628	0.0002914631326667809	0.0004834525511994615	0.00022288334252466223	0.00032441856711935347	0.00027645103780814587	0.0003655867434319569	0.00024690579114829776	0.00033326294975347375	0.00029990710303397184	0.00013871930302066687	0.00020486393104617907	0.00024155438131309338	0.00031733349927864126	0.0001724311693342962	0.0002611522717935949	0.00011040173101029458	0.00022312590467213738	0.00024737257765131165	0.0002053661463804042	0.00018507625433995784	0.00018055904254806946	0.00012659640310894944	0.00027763659031853927
H	0.0002377518632249598	0.00010144461986369448	8.699576180963304e-05	0.00024894314187310854	0.0002417468140629692	0.00021539308572994867	0.0	0.00033197977736195653	6.007766839795465e-05	0.0	0.00011177539718454775	0.00015426104223190254	0.0	0.0001486643840296552	4.8507418219126615e-05	0.00015057748302751294	0.00019438222030248686	9.075281055525059e-05	0.00021336256894001227	0.0	0.00011981146807893365	0.0	0.00016354037307387423	0.00021420170174370234	0.0	6.516085947364077e-05	6.0499139782115426e-05	0.0	6.906465017135165e-05	6.368095500704636e-05	9.732557013580605e-05	0.00011847901620349109	0.00018279337171597844	0.00014108902351331302	0.0	3.33230114482191e-05	5.5487721208266745e-05	5.853255172747974e-05	6.0388595328273344e-05	6.346669985572825e-05	9.853209676245498e-05	7.834568153807846e-05	8.280129825772093e-05	3.187512923887677e-05	2.748584196125685e-05	0.0	2.6439464905708266e-05	2.2569880318508682e-05	0.00012659640310894944	6.16970200707865e-05
I	0.0003566277948374397	0.00020288923972738897	0.0005219745708577982	0.0003319241891641447	0.00016116454270864613	0.00043078617145989734	0.00014249060006075288	0.00039837573283434786	0.0002403106735918186	0.0002773425501935851	0.0002794384929613694	0.0003085220844638051	0.0005051251008439053	0.00019821917870620694	0.0002425370910956331	0.0003513474603975301	0.00019438222030248686	0.00018150562111050118	4.267251378800245e-05	0.0003961798160865956	0.00035943440423680094	0.00020009739171201086	8.177018653693711e-05	0.0001285210210462214	0.00011636936026963057	0.00019548257842092232	0.00021174698923740395	0.00018216445791673804	0.00020719395051405494	0.00012736191001409272	9.732557013580605e-05	0.0001579720216046548	0.0002559107204023698	0.00010581676763498477	7.405843327854973e-05	9.996903434465729e-05	5.5487721208266745e-05	0.00014633137931869934	0.00018116578598482004	0.00022213344949504888	0.0002709632660967512	0.00015669136307615693	0.00011040173101029458	0.0001912507754332606	0.00024737257765131165	0.0001760281254689179	7.93183947171248e-05	9.027952127403473e-05	5.0638561243579774e-05	0.00021593957024775275
K	0.0004755037264499196	0.0016231139178191118	0.0009569533799059634	0.0012447157093655424	0.0008864049848975536	0.0005743815619465298	0.0007836983003341408	0.0005311676437791304	0.00042054367878568245	0.00038827957027101916	0.0003353261915536432	0.0004627831266957076	0.00020205004033756213	0.0006442123307951725	0.0005335816004103927	0.0005019249434250431	0.0007289333261343256	0.000453764052776253	0.00038405262409202205	0.0003521598365214183	0.0005990573403946682	0.00048023374010882605	0.00044973602595315413	0.00034272272278992373	0.0003491080808088917	0.0002932238676313834	0.0003024956989105771	0.00018216445791673804	0.00024172627559973075	0.0001592023875176159	0.00016220928355967673	0.0003159440432093096	0.0003655867434319569	0.00028217804702662604	0.0004443505996712984	0.0002665840915857528	0.00013871930302066687	0.00026339648277365883	0.00018116578598482004	0.0001269333997114565	9.853209676245498e-05	0.00010446090871743795	0.00013800216376286823	0.00025500103391101417	0.0001649150517675411	0.0001760281254689179	0.0003172735788684992	9.027952127403473e-05	0.00012659640310894944	0.0003084851003539325
L	0.0022586427006371177	0.0008115569589095559	0.0011309449035252295	0.0010787536147834702	0.0006446581708345845	0.0005743815619465298	0.0007124530003037643	0.0007967514656686957	0.0008410873575713649	0.0005546851003871702	0.0005588769859227388	0.0008227255585701469	0.00035358757059073367	0.0005946575361186208	0.0004850741821912662	0.000652502426452556	0.0003887644406049737	0.00036301124222100237	0.00021336256894001227	0.0002641198773910637	0.0002795600921841785	0.0004001947834240217	0.0002044254663423428	0.00029988238244118323	0.0003103182940523482	0.00016290214868410193	0.00021174698923740395	0.0004371946990001713	0.00020719395051405494	0.00025472382002818543	0.00025953485369548275	0.0003159440432093096	0.00021935204605917413	0.0003527225587832826	0.00037029216639274863	0.00029990710303397184	0.0003606701878537338	0.00023413020690991895	0.0002113600836489567	0.00028560014935077714	0.00019706419352490996	0.00031338272615231386	0.00030360476027831005	0.0001912507754332606	0.00024737257765131165	0.0004107322927608084	0.00018507625433995784	0.0002256988031850868	0.0002785120868396888	0.000123394040141573
M	0.0003566277948374397	0.00020288923972738897	0.0	0.0004149052364551809	0.00016116454270864613	0.0002871907809732649	0.00021373590009112931	0.0001327919109447826	0.00018023300519386394	0.00016640553011615107	0.00011177539718454775	0.0	5.051251008439053e-05	0.0	4.8507418219126615e-05	0.00015057748302751294	0.00024297777537810858	0.0001361292158328759	0.00012801754136400738	0.00017607991826070916	0.0	0.0	8.177018653693711e-05	0.00021420170174370234	0.0	0.0	9.074870967317314e-05	7.286578316669522e-05	3.453232508567583e-05	6.368095500704636e-05	3.2441856711935344e-05	3.94930054011637e-05	3.655867434319569e-05	3.5272255878328255e-05	3.7029216639274866e-05	3.33230114482191e-05	2.7743860604133372e-05	8.779882759121961e-05	6.0388595328273344e-05	9.520004978359238e-05	4.926604838122749e-05	2.6115227179359488e-05	2.7600432752573644e-05	6.375025847775354e-05	5.49716839225137e-05	0.0	5.287892981141653e-05	6.770964095552604e-05	5.0638561243579774e-05	6.16970200707865e-05
N	0.0008321315212873592	0.0005072230993184724	0.0009569533799059634	0.0004978862837462171	0.0006446581708345845	0.0007179769524331622	0.00035622650015188216	0.00033197977736195653	0.00042054367878568245	0.00033281106023230213	0.0001676630957768216	0.00020568138964253673	0.00020205004033756213	0.0004459931520889656	0.0002425370910956331	0.0004015399547400345	0.00024297777537810858	0.0002268820263881265	0.00025603508272801476	0.0003521598365214183	0.0002795600921841785	0.00024011687005441303	0.0002861956528792799	0.00042840340348740467	0.00019394893378271762	0.0002932238676313834	0.0003327452688016348	0.0003643289158334761	0.00020719395051405494	0.0002865642975317086	0.0001946511402716121	0.00019746502700581847	0.0003655867434319569	0.00024690579114829776	0.0002221752998356492	0.0002665840915857528	0.0003051824666454671	0.00023413020690991895	0.00033213727430550337	0.0001269333997114565	0.0001724311693342962	0.0002089218174348759	0.0001932030292680155	0.0001912507754332606	0.0002198867356900548	0.00014669010455743158	0.00013219732452854132	0.00015798916222956077	0.0002025542449743191	0.00021593957024775275
P	0.0004755037264499196	0.0005072230993184724	0.0002609872854288991	0.00024894314187310854	0.00032232908541729227	0.0003589884762165811	0.00035622650015188216	0.00039837573283434786	0.00018023300519386394	0.0002218740401548681	0.0003353261915536432	0.00015426104223190254	0.0001515375302531716	0.0	0.0002910445093147597	0.00025096247171252156	9.719111015124343e-05	0.00018150562111050118	0.0001706900551520098	0.0003961798160865956	0.0001597486241052449	0.00012005843502720651	0.0002044254663423428	0.0001285210210462214	0.0001551591470261741	9.774128921046116e-05	9.074870967317314e-05	0.00018216445791673804	3.453232508567583e-05	0.00012736191001409272	0.00012976742684774138	0.00019746502700581847	0.00014623469737278275	0.0001763612793916413	7.405843327854973e-05	0.0001666150572410955	0.00011097544241653349	8.779882759121961e-05	6.0388595328273344e-05	0.00015866674963932063	9.853209676245498e-05	5.2230454358718977e-05	0.00013800216376286823	0.00012750051695550708	0.0001099433678450274	8.801406273445895e-05	0.00010575785962283306	0.0001128494015925434	0.00010127712248715955	9.254553010617975e-05
Q	0.0008321315212873592	0.0007101123390458613	0.0006089703326674313	0.00024894314187310854	0.00032232908541729227	7.179769524331622e-05	7.124530003037644e-05	0.0	0.0001201553367959093	0.00033281106023230213	0.0001676630957768216	0.00015426104223190254	0.0001515375302531716	9.910958935310347e-05	0.0004365667639721395	0.0003011549660550259	0.00019438222030248686	0.0002268820263881265	8.53450275760049e-05	8.803995913035458e-05	7.987431205262245e-05	0.00020009739171201086	4.0885093268468556e-05	8.568068069748093e-05	0.00011636936026963057	0.00016290214868410193	6.0499139782115426e-05	0.00010929867475004282	0.0	3.184047750352318e-05	3.2441856711935344e-05	0.00023695803240698219	3.655867434319569e-05	0.00010581676763498477	0.00033326294975347375	0.0001332920457928764	0.00013871930302066687	0.00011706510345495947	0.00015097148832068336	3.1733349927864126e-05	4.926604838122749e-05	0.0001828065902555164	0.00011040173101029458	0.00012750051695550708	0.0001649150517675411	8.801406273445895e-05	7.93183947171248e-05	0.00013541928191105208	0.00012659640310894944	9.254553010617975e-05
R	0.0007132555896748794	0.0006086677191821669	0.0004349788090481652	0.0003319241891641447	0.00040291135677161534	0.00014359539048663245	0.0005699624002430115	0.0005311676437791304	0.0003003883419897732	0.00016640553011615107	0.0003353261915536432	0.00020568138964253673	0.0003030750605063432	0.0002973287680593104	0.00014552225465737985	0.00015057748302751294	0.00019438222030248686	0.0002722584316657518	0.00038405262409202205	4.401997956517729e-05	0.00011981146807893365	0.00024011687005441303	0.000367965839416217	0.00021420170174370234	0.0001551591470261741	0.00013032171894728154	0.00015124784945528855	0.00010929867475004282	0.00020719395051405494	0.0001592023875176159	0.00016220928355967673	0.00019746502700581847	0.00021935204605917413	7.054451175665651e-05	0.00018514608319637432	9.996903434465729e-05	2.7743860604133372e-05	0.00017559765518243922	0.00012077719065654669	0.0001269333997114565	0.0001724311693342962	0.00010446090871743795	0.00016560259651544185	0.00025500103391101417	0.00013742920980628425	0.00014669010455743158	7.93183947171248e-05	0.0001128494015925434	0.00012659640310894944	0.0001850910602123595
S	0.001069883384512319	0.0012173354383643337	0.0006959660944770643	0.0007468294256193256	0.0007252404421889075	0.0005025838667032136	0.0008549436003645173	0.0005975635992515217	0.0007209320207754558	0.0004992165903484532	0.0006706523831072864	0.00041136277928507345	0.0005051251008439053	0.0005451027414420691	0.000630596436848646	0.0004015399547400345	0.0004373599956805954	0.00031763483694337703	0.0003413801103040196	0.0003961798160865956	0.0004393087162894234	0.00016007791336960868	0.00016354037307387423	8.568068069748093e-05	0.0005042672278350658	0.0003583847271050242	0.0002722461290195194	0.00018216445791673804	0.00037985557594243406	0.00022288334252466223	0.00032441856711935347	0.00039493005401163695	0.00032902806908876117	0.00021163353526996954	0.0002962337331141989	0.000333230114482191	0.0003051824666454671	0.00032192903450113853	0.0003019429766413667	0.00019040009956718476	0.00014779814514368246	0.00028726749897295433	0.00027600432752573645	0.000414376680105398	0.00024737257765131165	0.00014669010455743158	0.0002379551841513744	0.0002256988031850868	0.0002025542449743191	0.0003084851003539325
T	0.0005943796580623995	0.0008115569589095559	0.0002609872854288991	0.0003319241891641447	0.0002417468140629692	0.0003589884762165811	0.00021373590009112931	0.0005311676437791304	0.0001201553367959093	0.00038827957027101916	0.000447101588738191	0.00035994243187443924	0.00045461259075951473	0.0003468835627358621	0.00019402967287650646	0.00020076997737001725	0.00024297777537810858	0.000453764052776253	0.00029870759651601714	0.0002641198773910637	0.0001996857801315561	0.00032015582673921737	0.00032708074614774845	8.568068069748093e-05	0.00023273872053926114	9.774128921046116e-05	0.00015124784945528855	0.00021859734950008565	6.906465017135165e-05	0.00019104286502113907	0.0002919767104074181	0.0001579720216046548	0.00014623469737278275	0.00021163353526996954	0.0001110876499178246	9.996903434465729e-05	0.00022195088483306698	0.00014633137931869934	0.0003019429766413667	0.0001269333997114565	0.0001724311693342962	0.00015669136307615693	0.0001932030292680155	0.0001912507754332606	0.00013742920980628425	0.00023470416729189054	0.0001586367894342496	0.00020312892286657812	7.595784186536967e-05	6.16970200707865e-05
V	0.0007132555896748794	0.0006086677191821669	0.00034798304723853216	0.0004978862837462171	0.0005640758994802614	0.0005025838667032136	0.0005699624002430115	0.0001327919109447826	0.0006007766839795464	0.0006101536104258872	0.0002794384929613694	0.00035994243187443924	0.00020205004033756213	0.0003964383574124139	0.0003880593457530129	0.0004015399547400345	0.00019438222030248686	9.075281055525059e-05	0.00029870759651601714	8.803995913035458e-05	0.0002795600921841785	0.00028013634839681514	0.00032708074614774845	0.000556924424533626	0.00038789786756543524	0.00013032171894728154	9.074870967317314e-05	0.00018216445791673804	0.00017266162542837912	0.00025472382002818543	0.00035686042383128877	0.00023695803240698219	0.00021935204605917413	0.00031745030290495426	0.00018514608319637432	0.00029990710303397184	0.0001942070242289336	8.779882759121961e-05	0.00027174867897723006	0.00019040009956718476	0.0002955962902873649	0.00013057613589679745	0.0001932030292680155	0.0001912507754332606	5.49716839225137e-05	0.00026404218820337685	0.00018507625433995784	0.00018055904254806946	0.00015191568373073934	0.000246788080283146
W	0.0001188759316124799	0.0	0.0	0.0	8.058227135432307e-05	0.00021539308572994867	7.124530003037644e-05	0.0	0.0	0.0	5.5887698592273875e-05	0.0	5.051251008439053e-05	4.9554794676551736e-05	0.0	5.019249434250431e-05	0.0	0.0001361292158328759	8.53450275760049e-05	8.803995913035458e-05	0.0	0.0	8.177018653693711e-05	4.2840340348740466e-05	3.8789786756543524e-05	3.2580429736820385e-05	0.0	3.643289158334761e-05	3.453232508567583e-05	3.184047750352318e-05	3.2441856711935344e-05	3.94930054011637e-05	3.655867434319569e-05	0.0	0.0001110876499178246	3.33230114482191e-05	2.7743860604133372e-05	2.926627586373987e-05	3.0194297664136672e-05	3.1733349927864126e-05	2.4633024190613745e-05	0.0	8.280129825772093e-05	0.0	0.0	0.0	2.6439464905708266e-05	0.0	5.0638561243579774e-05	0.0
Y	0.0003566277948374397	0.00030433385959108343	8.699576180963304e-05	0.0003319241891641447	0.0002417468140629692	0.00014359539048663245	7.124530003037644e-05	0.00019918786641717393	0.00042054367878568245	0.00011093702007743404	0.0003353261915536432	0.00010284069482126836	0.00040410008067512425	9.910958935310347e-05	9.701483643825323e-05	0.00010038498868500863	4.8595555075621715e-05	0.0002268820263881265	0.0001706900551520098	8.803995913035458e-05	0.00011981146807893365	0.0	0.0002044254663423428	4.2840340348740466e-05	0.00023273872053926114	3.2580429736820385e-05	0.00012099827956423085	7.286578316669522e-05	0.00017266162542837912	0.00012736191001409272	0.0	0.00019746502700581847	0.00018279337171597844	0.00010581676763498477	0.00014811686655709946	9.996903434465729e-05	0.00016646316362480023	8.779882759121961e-05	3.0194297664136672e-05	6.346669985572825e-05	4.926604838122749e-05	5.2230454358718977e-05	2.7600432752573644e-05	3.187512923887677e-05	0.0001099433678450274	0.0001760281254689179	0.00013219732452854132	2.2569880318508682e-05	0.00012659640310894944	0.0
