0.8070432698155344
0.9493991734499282
0.7557679111525792
0.8436155184909397
0.9313590863354267
1.0727402063952909
0.9402321727924984
0.9455077036449611
1.027634368609121
1.0066063538407566
0.8796260801287757
0.9530651843500679
0.9989287036750323
0.9205822529293562
0.96261635403214
0.8927945183789997
0.8718054353635157
0.8682746280073691
0.9027431892626364
0.8702728759434017
1.0927529777701153
1.059675217727746
1.0978578819747218
0.8722470511418117
0.8655431322694856
0.9628049987421489
0.7204041507068588
0.8805962466740702
0.8189358002096335
0.8222542251522081
0.7916023034453704
0.8221042189412978
0.9417919847580002
0.8772503193127362
0.9355252317629523
1.0424844148656778
0.9985649766433685
0.942962872967259
0.9224101486452646
1.017707939512484
0.9399724237543103
1.009848368110095
0.965811945926424
0.7714883614641357
0.9749558021069592
0.8535565748477492
0.7750744206391273
0.9453692239279814
0.8986882518170572
0.8162616195111686
