A	0.0034016217411698907	0.0	0.0	0.0	0.0011286764610259085	0.0	0.001138678798160589	0.0007643165272390336	0.0005846643424174709	0.0006363045360203008	0.0005686935405089705	0.0008013094456851492	0.0003433098421166947	0.0	0.0004038069016042403	0.0	0.0	0.0	0.0	0.00046233600911933494	0.0005307395805759287	0.0011578175005253204	0.0003492627725706081	0.0	0.0010598545960560947	0.0	0.00041036438810351095	0.0	0.0	0.0004040872133351668	0.00032083227023732775	0.0	0.0002681245918980568	0.000320925937826645	0.0	0.0	0.0004207872550466237	0.001486619312957573	0.0003954468879938743	0.0	0.0	0.0006423260257342658	0.0005727902353081798	0.00045724803682778306	0.0007835815647173036	0.0	0.0014151403676746803	0.0003640909992237068	0.0007152864254882957	0.00042673902123363506
C	0.0	0.0008516941552525923	0.0007562618242841393	0.0	0.0	0.0	0.0	0.0	0.0	0.0	0.0	0.0	0.0	0.0	0.0	0.0005148905870327387	0.0	0.0	0.0	0.0	0.0	0.0	0.0	0.0	0.0003532848653520315	0.0	0.00041036438810351095	0.0	0.0	0.0	0.0	0.0	0.0	0.0	0.0	0.0	0.0	0.0	0.0	0.0	0.0	0.0	0.0	0.0	0.0	0.0	0.0	0.0003640909992237068	0.0	0.0
D	0.0	0.002555082465757777	0.0007562618242841393	0.00180784091240656	0.0011286764610259085	0.0025838357012209203	0.0	0.0007643165272390336	0.0011693286848349419	0.0006363045360203008	0.0005686935405089705	0.002003273614212873	0.0	0.0008668441609905187	0.0	0.0	0.0	0.0008196086807402296	0.0	0.00046233600911933494	0.0	0.00038593916684177343	0.0	0.0007096897851502549	0.0003532848653520315	0.0	0.00041036438810351095	0.0003797146317497642	0.0007736463881494472	0.0012122616400055005	0.00032083227023732775	0.0	0.0	0.000320925937826645	0.0	0.001045876640687735	0.0	0.0	0.0003954468879938743	0.0	0.0007093125360319994	0.0	0.0	0.0018289921473111322	0.0011753723470759555	0.0007499966667316835	0.0	0.0003640909992237068	0.0	0.00042673902123363506
E	0.0008504054352924727	0.0	0.0007562618242841393	0.00180784091240656	0.0	0.0006459589253052301	0.001138678798160589	0.0	0.0023386573696698837	0.0012726090720406016	0.0028434677025448527	0.0004006547228425746	0.0003433098421166947	0.0	0.0004038069016042403	0.0	0.0	0.0008196086807402296	0.0012586761671411477	0.0009246720182386699	0.0005307395805759287	0.0	0.0006985255451412162	0.00035484489257512746	0.000706569730704063	0.0004018921882068819	0.00041036438810351095	0.0003797146317497642	0.0003868231940747236	0.0004040872133351668	0.0	0.000943237702238178	0.0008043737756941705	0.000320925937826645	0.0	0.0003486255468959116	0.0004207872550466237	0.0004955397709858576	0.0	0.0013039997310057372	0.0010639688040479992	0.0006423260257342658	0.0002863951176540899	0.0	0.0003917907823586518	0.0	0.0	0.0	0.0010729296382324437	0.00042673902123363506
F	0.0	0.0017033883105051846	0.0	0.0	0.0005643382305129543	0.0	0.0	0.0007643165272390336	0.0	0.0006363045360203008	0.0	0.0	0.0	0.0	0.0	0.0	0.0003586743041621386	0.0004098043403701148	0.0	0.0	0.0	0.00038593916684177343	0.0	0.0	0.0003532848653520315	0.0012056765646206457	0.00041036438810351095	0.0007594292634995285	0.0	0.0004040872133351668	0.00032083227023732775	0.0	0.0	0.0	0.0	0.0	0.0	0.0004955397709858576	0.0007908937759877486	0.0008693331540038247	0.0	0.0	0.0002863951176540899	0.0009144960736555661	0.0	0.0	0.00035378509191867006	0.0	0.00035764321274414786	0.0
G	0.0	0.0	0.0007562618242841393	0.0	0.0005643382305129543	0.0	0.0	0.0007643165272390336	0.0005846643424174709	0.0	0.0	0.0004006547228425746	0.0006866196842333894	0.002167110402476297	0.0008076138032084806	0.0020595623481309546	0.0003586743041621386	0.0	0.0016782348895215302	0.0	0.0010614791611518574	0.0	0.0010477883177118245	0.0	0.0003532848653520315	0.0	0.0008207287762070219	0.0	0.0	0.0	0.0	0.00031441256741272593	0.0002681245918980568	0.000320925937826645	0.000367633627122599	0.0003486255468959116	0.0004207872550466237	0.0	0.0007908937759877486	0.00043466657700191234	0.0003546562680159997	0.0009634890386013988	0.0002863951176540899	0.0	0.0007835815647173036	0.00037499833336584174	0.00035378509191867006	0.0003640909992237068	0.0	0.00042673902123363506
H	0.0	0.0008516941552525923	0.0007562618242841393	0.0	0.0	0.0	0.0	0.0007643165272390336	0.0	0.0	0.0005686935405089705	0.0	0.0	0.0	0.0004038069016042403	0.0005148905870327387	0.0003586743041621386	0.0	0.0	0.0	0.0015922187417277862	0.0	0.0	0.0	0.0	0.0012056765646206457	0.0	0.0	0.0003868231940747236	0.0004040872133351668	0.0	0.0	0.0002681245918980568	0.0	0.0	0.0	0.0	0.0004955397709858576	0.0	0.0	0.0014186250720639988	0.0003211630128671329	0.0	0.0	0.0	0.0	0.00035378509191867006	0.0	0.0	0.0
I	0.0017008108705849454	0.0	0.0	0.0006026136374688533	0.0	0.0012919178506104602	0.0017080181972408837	0.0015286330544780672	0.0	0.0012726090720406016	0.001137387081017941	0.0004006547228425746	0.0006866196842333894	0.0	0.0	0.0010297811740654773	0.0003586743041621386	0.0016392173614804592	0.00041955872238038256	0.0018493440364773398	0.0005307395805759287	0.00038593916684177343	0.0006985255451412162	0.00035484489257512746	0.000706569730704063	0.0004018921882068819	0.00041036438810351095	0.0003797146317497642	0.0	0.0004040872133351668	0.001283329080949311	0.0006288251348254519	0.0	0.00128370375130658	0.000735267254245198	0.0006972510937918232	0.0004207872550466237	0.0	0.0	0.0	0.0	0.0003211630128671329	0.0008591853529622698	0.00045724803682778306	0.0011753723470759555	0.00037499833336584174	0.0	0.0003640909992237068	0.00035764321274414786	0.0012802170637009054
K	0.0017008108705849454	0.002555082465757777	0.002268785472852418	0.0012052272749377066	0.002257352922051817	0.0	0.0	0.0	0.0011693286848349419	0.0006363045360203008	0.0	0.0	0.0	0.0008668441609905187	0.0012114207048127212	0.0010297811740654773	0.0007173486083242772	0.0004098043403701148	0.00041955872238038256	0.0018493440364773398	0.0	0.0011578175005253204	0.0	0.0010645346777253826	0.0	0.0008037843764137638	0.00041036438810351095	0.0003797146317497642	0.0007736463881494472	0.0004040872133351668	0.0	0.0006288251348254519	0.0005362491837961136	0.0009627778134799352	0.000735267254245198	0.0	0.0021039362752331187	0.0	0.0	0.0013039997310057372	0.0003546562680159997	0.0003211630128671329	0.0002863951176540899	0.0009144960736555661	0.0	0.00037499833336584174	0.0007075701838373401	0.0010922729976711204	0.00035764321274414786	0.0
L	0.0	0.0	0.0015125236485682785	0.0	0.0005643382305129543	0.0012919178506104602	0.001138678798160589	0.0030572661089561344	0.0011693286848349419	0.0012726090720406016	0.0	0.0008013094456851492	0.0003433098421166947	0.0	0.0008076138032084806	0.0010297811740654773	0.0003586743041621386	0.0	0.0008391174447607651	0.0009246720182386699	0.0	0.00038593916684177343	0.0013970510902824324	0.0007096897851502549	0.0	0.0	0.001231093164310533	0.0011391438952492927	0.0003868231940747236	0.0	0.00032083227023732775	0.00031441256741272593	0.0002681245918980568	0.000320925937826645	0.0018381681356129948	0.001743127734479558	0.0008415745100932474	0.0009910795419717153	0.0	0.00043466657700191234	0.0003546562680159997	0.0006423260257342658	0.0005727902353081798	0.00045724803682778306	0.0003917907823586518	0.0	0.00035378509191867006	0.0003640909992237068	0.00035764321274414786	0.0
M	0.0008504054352924727	0.0	0.0	0.0	0.0	0.0	0.0005693393990802945	0.0	0.0	0.0	0.0	0.0	0.0	0.0	0.0004038069016042403	0.0	0.0	0.0	0.0	0.0	0.0	0.0	0.0	0.0	0.0	0.0	0.0	0.0	0.0	0.0008081744266703335	0.0006416645404746555	0.0	0.0	0.000320925937826645	0.0	0.0003486255468959116	0.0	0.0019821590839434306	0.0	0.00043466657700191234	0.0	0.0	0.0	0.0	0.0	0.0	0.0	0.0003640909992237068	0.0	0.00042673902123363506
N	0.0008504054352924727	0.0008516941552525923	0.0015125236485682785	0.0012052272749377066	0.0	0.0006459589253052301	0.0	0.0	0.0005846643424174709	0.0	0.0	0.001201964168527724	0.0006866196842333894	0.00043342208049525937	0.0	0.0010297811740654773	0.001076022912486416	0.0	0.0	0.00046233600911933494	0.0015922187417277862	0.0011578175005253204	0.0006985255451412162	0.00035484489257512746	0.0	0.0004018921882068819	0.0008207287762070219	0.0007594292634995285	0.0015472927762988943	0.0008081744266703335	0.00032083227023732775	0.0006288251348254519	0.0002681245918980568	0.000320925937826645	0.000735267254245198	0.0003486255468959116	0.0	0.0	0.0	0.00043466657700191234	0.0003546562680159997	0.0003211630128671329	0.0002863951176540899	0.00045724803682778306	0.0007835815647173036	0.0	0.00035378509191867006	0.0003640909992237068	0.0	0.0
P	0.0	0.0017033883105051846	0.0	0.0	0.0	0.0012919178506104602	0.0005693393990802945	0.0	0.0005846643424174709	0.0006363045360203008	0.0	0.0	0.0006866196842333894	0.0	0.0004038069016042403	0.0005148905870327387	0.0	0.0	0.0012586761671411477	0.0	0.0	0.0	0.0	0.0	0.0	0.0	0.0008207287762070219	0.0003797146317497642	0.0003868231940747236	0.0	0.0	0.000943237702238178	0.0002681245918980568	0.0	0.0	0.0	0.0012623617651398712	0.0	0.0	0.00043466657700191234	0.0	0.0	0.0	0.0	0.0003917907823586518	0.00037499833336584174	0.00035378509191867006	0.0	0.00035764321274414786	0.0008534780424672701
Q	0.0	0.0	0.0	0.0012052272749377066	0.0011286764610259085	0.0	0.0005693393990802945	0.0	0.0	0.0	0.0	0.0	0.0	0.0	0.0004038069016042403	0.0005148905870327387	0.0003586743041621386	0.0	0.00041955872238038256	0.0	0.0010614791611518574	0.0	0.0003492627725706081	0.00035484489257512746	0.0003532848653520315	0.0	0.0	0.0	0.0	0.0	0.00032083227023732775	0.0	0.0005362491837961136	0.0	0.0	0.0003486255468959116	0.0004207872550466237	0.0	0.001186340663981623	0.00043466657700191234	0.0007093125360319994	0.0	0.0	0.0	0.0	0.0	0.0007075701838373401	0.0	0.0007152864254882957	0.0
R	0.0	0.0	0.0015125236485682785	0.0	0.0005643382305129543	0.0	0.0017080181972408837	0.0007643165272390336	0.0005846643424174709	0.0006363045360203008	0.0005686935405089705	0.0	0.0	0.0	0.0	0.0	0.0	0.0008196086807402296	0.0	0.0	0.0	0.00038593916684177343	0.0	0.00035484489257512746	0.0	0.0	0.0	0.0003797146317497642	0.0003868231940747236	0.0008081744266703335	0.00032083227023732775	0.0	0.0	0.0	0.000367633627122599	0.0003486255468959116	0.0004207872550466237	0.0009910795419717153	0.0003954468879938743	0.0008693331540038247	0.0	0.0	0.0	0.0	0.0	0.001499993333463367	0.0	0.0003640909992237068	0.0	0.0008534780424672701
S	0.0008504054352924727	0.0017033883105051846	0.0007562618242841393	0.0006026136374688533	0.0016930146915388627	0.0012919178506104602	0.0	0.0015286330544780672	0.0005846643424174709	0.0	0.0017060806215269118	0.0004006547228425746	0.0003433098421166947	0.0008668441609905187	0.0004038069016042403	0.0	0.0014346972166485543	0.0008196086807402296	0.0008391174447607651	0.0009246720182386699	0.0	0.0007718783336835469	0.0006985255451412162	0.0007096897851502549	0.0010598545960560947	0.0012056765646206457	0.00041036438810351095	0.0003797146317497642	0.0003868231940747236	0.0	0.0	0.0006288251348254519	0.0	0.000320925937826645	0.0	0.0	0.0	0.0009910795419717153	0.001186340663981623	0.0	0.0	0.0	0.0005727902353081798	0.0	0.0003917907823586518	0.00037499833336584174	0.0	0.0010922729976711204	0.00035764321274414786	0.0012802170637009054
T	0.0017008108705849454	0.0017033883105051846	0.0	0.00180784091240656	0.0	0.0	0.0	0.0	0.0	0.0006363045360203008	0.0	0.0004006547228425746	0.0006866196842333894	0.0013002662414857782	0.0	0.0005148905870327387	0.0003586743041621386	0.0008196086807402296	0.0	0.0	0.0005307395805759287	0.0	0.0	0.00035484489257512746	0.0	0.0004018921882068819	0.0	0.0003797146317497642	0.0003868231940747236	0.0	0.0006416645404746555	0.0	0.0	0.0	0.000735267254245198	0.0003486255468959116	0.0	0.0	0.0007908937759877486	0.0	0.0007093125360319994	0.0003211630128671329	0.0	0.0	0.0	0.001499993333463367	0.00035378509191867006	0.0	0.0007152864254882957	0.0
V	0.0008504054352924727	0.0	0.0007562618242841393	0.0	0.0	0.0	0.001138678798160589	0.0015286330544780672	0.0005846643424174709	0.0012726090720406016	0.0017060806215269118	0.0	0.0010299295263500841	0.0	0.0004038069016042403	0.0	0.0003586743041621386	0.0	0.0	0.0	0.0015922187417277862	0.00038593916684177343	0.0	0.00035484489257512746	0.000706569730704063	0.0008037843764137638	0.0	0.0003797146317497642	0.0003868231940747236	0.0004040872133351668	0.0006416645404746555	0.0	0.0	0.000320925937826645	0.000367633627122599	0.0	0.0004207872550466237	0.0	0.0007908937759877486	0.00043466657700191234	0.0	0.0003211630128671329	0.0005727902353081798	0.0018289921473111322	0.0003917907823586518	0.00037499833336584174	0.0007075701838373401	0.0003640909992237068	0.00035764321274414786	0.0008534780424672701
W	0.0	0.0	0.0	0.0	0.0	0.0	0.0	0.0	0.0	0.0	0.0	0.0	0.0	0.00043342208049525937	0.0	0.0	0.0	0.0	0.0	0.0	0.0	0.0	0.0	0.0	0.0	0.0	0.0	0.0003797146317497642	0.0003868231940747236	0.0	0.0	0.00031441256741272593	0.0	0.0	0.0	0.0	0.0	0.0	0.0	0.0	0.0	0.0	0.0	0.0	0.0	0.00037499833336584174	0.0	0.0	0.0	0.0
Y	0.0017008108705849454	0.0	0.0007562618242841393	0.0	0.0	0.0019378767759156905	0.0	0.0007643165272390336	0.0	0.0012726090720406016	0.0	0.0	0.0	0.00043342208049525937	0.0008076138032084806	0.0	0.0	0.0004098043403701148	0.0	0.0	0.0	0.0	0.0	0.00035484489257512746	0.0	0.0	0.0	0.0	0.0	0.0004040872133351668	0.0	0.0	0.0010724983675922271	0.000320925937826645	0.000367633627122599	0.0	0.0	0.0004955397709858576	0.0	0.0	0.0	0.0006423260257342658	0.0002863951176540899	0.00045724803682778306	0.0	0.0	0.0	0.0003640909992237068	0.00035764321274414786	0.0
