A	0.0009844650640825612	0.0	0.001917784560270915	0.002648680387243378	0.0010818444435106132	0.0	0.0	0.0022124775990579396	0.0	0.0	0.0010474039362505327	0.000895167626632117	0.00103722053079443	0.0032292453110867145	0.002438554334601696	0.0010460836132761054	0.0007629301176071925	0.0	0.0007570836577061546	0.001630475985720292	0.0016745977085761028	0.0030465834337909713	0.0020038232329948674	0.003077689098524021	0.0	0.0	0.0019887001932274604	0.0	0.0	0.0005081848878212503	0.0	0.0017247231344901378	0.0	0.00047650751530718785	0.0005854331158543164	0.00034696399389094263	0.0011025593705930924	0.0014471663066933562	0.0003331692162682883	0.0005461080651972827	0.0009489418154616811	0.0	0.0	0.00033921071747369596	0.0	0.0006356272553701786	0.0	0.00027659431444386777	0.0	0.00046585645935724767
C	0.0	0.0	0.0	0.0	0.0	0.0	0.0	0.0	0.0011082129045795939	0.0	0.0	0.0	0.0	0.0	0.0	0.0	0.0	0.0	0.0	0.0	0.0	0.0	0.0	0.0	0.0	0.0	0.0	0.0	0.0	0.0	0.0	0.0	0.0	0.0	0.0	0.0	0.0	0.0	0.0	0.0	0.0	0.0	0.0	0.0	0.0	0.0	0.0002727573949461176	0.0	0.0	0.0
D	0.0	0.0	0.0009588922801354575	0.0	0.0010818444435106132	0.0009869003167018947	0.0	0.0	0.0	0.0	0.0	0.0	0.0	0.002152830207391143	0.001219277167300848	0.0	0.0	0.000786642602292493	0.0	0.0	0.0	0.0015232917168954857	0.0	0.0006155378197048041	0.0	0.00121558554024583	0.0006629000644091534	0.0	0.0	0.0	0.0	0.0	0.0	0.0	0.0	0.0	0.0	0.0	0.000999507648804865	0.00027305403259864135	0.0009489418154616811	0.0005844989647495312	0.0	0.0006784214349473919	0.0002815544740015728	0.0	0.0002727573949461176	0.00027659431444386777	0.0010388859941474246	0.0018634258374289907
E	0.0	0.0007724724178974344	0.0	0.0	0.0010818444435106132	0.0	0.0	0.0	0.0011082129045795939	0.0020308089628352406	0.0	0.0	0.0	0.002152830207391143	0.0	0.0010460836132761054	0.0007629301176071925	0.000786642602292493	0.0007570836577061546	0.0	0.0016745977085761028	0.0	0.0006679410776649558	0.0	0.0	0.0	0.0006629000644091534	0.0012430665633649382	0.0	0.0005081848878212503	0.0006168352589714524	0.0	0.0004708292264174211	0.0	0.0002927165579271582	0.00034696399389094263	0.0002756398426482731	0.0	0.0003331692162682883	0.0	0.00031631393848722704	0.0011689979294990623	0.00128765929491043	0.0006784214349473919	0.0005631089480031456	0.0	0.0002727573949461176	0.0005531886288877355	0.0003462953313824748	0.00046585645935724767
F	0.0	0.0015449448357948688	0.0	0.0	0.0	0.0	0.0	0.0011062387995289698	0.0011082129045795939	0.0	0.0	0.000895167626632117	0.00103722053079443	0.002152830207391143	0.001219277167300848	0.002092167226552211	0.0	0.0	0.0	0.0	0.0008372988542880514	0.0015232917168954857	0.0020038232329948674	0.0	0.0005845008170104056	0.0	0.0	0.0012430665633649382	0.00053920780091247	0.0	0.0006168352589714524	0.00043118078362253446	0.0	0.0	0.0008781496737814747	0.0	0.0	0.0002894332613386712	0.0	0.0	0.0	0.0011689979294990623	0.0	0.0	0.0	0.0003178136276850893	0.0	0.0	0.0006925906627649496	0.0
G	0.0	0.0	0.00383556912054183	0.0008828934624144592	0.0	0.0019738006334037894	0.0	0.0	0.0	0.0	0.003142211808751599	0.0	0.00414888212317772	0.0	0.001219277167300848	0.0031382508398283167	0.0	0.001573285204584986	0.0	0.0	0.0	0.0	0.0006679410776649558	0.0012310756394096083	0.0011690016340208111	0.000607792770122915	0.0006629000644091534	0.0006215332816824691	0.00053920780091247	0.0	0.0018505057769143574	0.0	0.0009416584528348422	0.0009530150306143757	0.0008781496737814747	0.00034696399389094263	0.0002756398426482731	0.0	0.0	0.0	0.0	0.0005844989647495312	0.0003219148237276075	0.00033921071747369596	0.0008446634220047184	0.0012712545107403572	0.0	0.0	0.0	0.0009317129187144953
H	0.0	0.0	0.0	0.0	0.0	0.0019738006334037894	0.0009499295028882258	0.0011062387995289698	0.0011082129045795939	0.0	0.0	0.0	0.0	0.0	0.001219277167300848	0.0	0.0007629301176071925	0.0	0.0	0.0	0.0	0.0	0.0006679410776649558	0.0	0.0	0.0	0.0006629000644091534	0.0	0.0	0.0	0.0006168352589714524	0.00043118078362253446	0.0	0.0	0.0	0.0	0.0	0.0002894332613386712	0.0003331692162682883	0.0	0.0	0.0017534968942485936	0.0	0.0	0.0	0.0	0.0	0.0	0.0	0.0
I	0.0019689301281651224	0.0007724724178974344	0.0	0.003531573849657837	0.0010818444435106132	0.0	0.0009499295028882258	0.0011062387995289698	0.0011082129045795939	0.0	0.0020948078725010655	0.002685502879896351	0.00103722053079443	0.0	0.001219277167300848	0.002092167226552211	0.001525860235214385	0.000786642602292493	0.002271250973118464	0.000815237992860146	0.0	0.0	0.0006679410776649558	0.0	0.0011690016340208111	0.000607792770122915	0.0019887001932274604	0.0012430665633649382	0.00053920780091247	0.0	0.0	0.00043118078362253446	0.0	0.0	0.0002927165579271582	0.001040891981672828	0.0008269195279448194	0.0	0.0	0.0	0.0006326278769744541	0.0	0.0003219148237276075	0.00033921071747369596	0.0	0.0003178136276850893	0.0002727573949461176	0.00027659431444386777	0.0003462953313824748	0.0
K	0.0	0.0	0.001917784560270915	0.0008828934624144592	0.0010818444435106132	0.0019738006334037894	0.0047496475144411295	0.0	0.0033246387137387816	0.007107831369923342	0.0020948078725010655	0.002685502879896351	0.0	0.002152830207391143	0.0	0.0010460836132761054	0.0	0.001573285204584986	0.0015141673154123092	0.001630475985720292	0.0008372988542880514	0.0015232917168954857	0.0006679410776649558	0.0006155378197048041	0.0011690016340208111	0.000607792770122915	0.0006629000644091534	0.0006215332816824691	0.00215683120364988	0.0005081848878212503	0.0006168352589714524	0.0008623615672450689	0.0014124876792522634	0.00047650751530718785	0.0	0.0	0.0002756398426482731	0.0005788665226773424	0.0003331692162682883	0.0008191620977959242	0.00031631393848722704	0.0005844989647495312	0.0	0.00033921071747369596	0.0002815544740015728	0.0009534408830552681	0.0	0.00027659431444386777	0.0	0.0013975693780717432
L	0.0	0.0030898896715897376	0.0	0.0017657869248289184	0.0010818444435106132	0.0009869003167018947	0.0018998590057764516	0.0022124775990579396	0.0022164258091591877	0.0030462134442528614	0.0	0.0	0.00414888212317772	0.0032292453110867145	0.0036578315019025445	0.002092167226552211	0.001525860235214385	0.003933213011462465	0.0015141673154123092	0.003260951971440584	0.0008372988542880514	0.0022849375753432287	0.0	0.0006155378197048041	0.0	0.001823378310368745	0.0	0.0	0.00053920780091247	0.0010163697756425006	0.0006168352589714524	0.0	0.0014124876792522634	0.00047650751530718785	0.0005854331158543164	0.00034696399389094263	0.0005512796852965462	0.0008682997840160138	0.0003331692162682883	0.0	0.0006326278769744541	0.0005844989647495312	0.0	0.0	0.0005631089480031456	0.0	0.0005455147898922352	0.00027659431444386777	0.0003462953313824748	0.0009317129187144953
M	0.013782510897155858	0.0	0.001917784560270915	0.0	0.0	0.0	0.0	0.0	0.0	0.0	0.0	0.000895167626632117	0.0	0.0	0.0	0.0	0.0	0.0	0.0	0.0	0.0008372988542880514	0.0	0.0	0.0	0.0	0.0	0.0	0.0	0.0	0.0	0.0	0.00043118078362253446	0.0	0.0014295225459215637	0.0	0.00034696399389094263	0.0	0.0	0.0	0.0	0.0	0.0005844989647495312	0.0003219148237276075	0.00033921071747369596	0.0	0.0	0.0	0.0	0.0	0.0
N	0.0	0.0	0.0	0.0017657869248289184	0.0021636888870212264	0.0	0.0009499295028882258	0.0	0.0022164258091591877	0.0010154044814176203	0.0020948078725010655	0.0	0.00103722053079443	0.0	0.002438554334601696	0.0	0.0007629301176071925	0.000786642602292493	0.0	0.0	0.0008372988542880514	0.0	0.0006679410776649558	0.0006155378197048041	0.0017535024510312168	0.000607792770122915	0.0	0.0006215332816824691	0.00053920780091247	0.0	0.0	0.0008623615672450689	0.0009416584528348422	0.00047650751530718785	0.0002927165579271582	0.0006939279877818853	0.0002756398426482731	0.0	0.0006663384325365766	0.00027305403259864135	0.00031631393848722704	0.0005844989647495312	0.00128765929491043	0.00033921071747369596	0.0005631089480031456	0.0	0.0	0.0008297829433316033	0.0006925906627649496	0.0
P	0.0	0.0	0.0009588922801354575	0.0	0.0010818444435106132	0.0	0.0009499295028882258	0.0	0.0	0.0	0.0	0.001790335253264234	0.00207444106158886	0.0010764151036955715	0.001219277167300848	0.0010460836132761054	0.0007629301176071925	0.0	0.0007570836577061546	0.0	0.0016745977085761028	0.0	0.0	0.0	0.0	0.0	0.0013258001288183067	0.0006215332816824691	0.00107841560182494	0.0	0.0018505057769143574	0.0	0.0	0.0	0.0002927165579271582	0.0006939279877818853	0.0	0.0002894332613386712	0.0	0.00027305403259864135	0.00031631393848722704	0.0005844989647495312	0.0003219148237276075	0.001017632152421088	0.0	0.0006356272553701786	0.0010910295797844703	0.00027659431444386777	0.0003462953313824748	0.00046585645935724767
Q	0.0	0.0	0.0	0.0	0.0	0.0009869003167018947	0.0018998590057764516	0.0011062387995289698	0.0	0.0	0.0	0.0	0.0	0.0	0.0	0.0	0.0	0.0	0.0015141673154123092	0.000815237992860146	0.0	0.0	0.0	0.0	0.0	0.0	0.0	0.0006215332816824691	0.00053920780091247	0.001524554663463751	0.0	0.0	0.0009416584528348422	0.00047650751530718785	0.0	0.001040891981672828	0.0005512796852965462	0.0	0.0	0.00027305403259864135	0.0	0.0005844989647495312	0.0	0.00033921071747369596	0.0	0.0003178136276850893	0.0	0.0	0.0006925906627649496	0.0
R	0.0	0.0007724724178974344	0.002876676840406373	0.0017657869248289184	0.0010818444435106132	0.0019738006334037894	0.0009499295028882258	0.0022124775990579396	0.0011082129045795939	0.0	0.0	0.001790335253264234	0.00103722053079443	0.0	0.002438554334601696	0.0	0.0022887903528215777	0.000786642602292493	0.0	0.0	0.0033491954171522057	0.0007616458584477428	0.0	0.0018466134591144127	0.0023380032680416223	0.001823378310368745	0.0006629000644091534	0.0012430665633649382	0.0	0.0	0.0	0.0008623615672450689	0.0004708292264174211	0.00047650751530718785	0.0	0.0	0.0	0.0	0.0	0.0008191620977959242	0.0	0.0	0.0003219148237276075	0.0006784214349473919	0.0002815544740015728	0.0003178136276850893	0.0002727573949461176	0.0	0.0003462953313824748	0.0009317129187144953
S	0.0	0.0030898896715897376	0.0009588922801354575	0.0	0.00324553333053184	0.0009869003167018947	0.0009499295028882258	0.0022124775990579396	0.0011082129045795939	0.0030462134442528614	0.0020948078725010655	0.002685502879896351	0.00103722053079443	0.0	0.001219277167300848	0.002092167226552211	0.001525860235214385	0.001573285204584986	0.002271250973118464	0.000815237992860146	0.0008372988542880514	0.0	0.0020038232329948674	0.0018466134591144127	0.0005845008170104056	0.000607792770122915	0.0	0.0012430665633649382	0.0016176234027374102	0.002032739551285001	0.0012336705179429048	0.0008623615672450689	0.0	0.0009530150306143757	0.0002927165579271582	0.00034696399389094263	0.0	0.0002894332613386712	0.0003331692162682883	0.0005461080651972827	0.0006326278769744541	0.0	0.0003219148237276075	0.00033921071747369596	0.0002815544740015728	0.0003178136276850893	0.0005455147898922352	0.0	0.0006925906627649496	0.00046585645935724767
T	0.0	0.0015449448357948688	0.0009588922801354575	0.0	0.0021636888870212264	0.002960700950105685	0.0	0.0011062387995289698	0.0	0.0010154044814176203	0.0010474039362505327	0.0	0.00103722053079443	0.0010764151036955715	0.0	0.0010460836132761054	0.001525860235214385	0.0	0.0	0.001630475985720292	0.0	0.0015232917168954857	0.0	0.0	0.0011690016340208111	0.0	0.0006629000644091534	0.0006215332816824691	0.0	0.0005081848878212503	0.0	0.0	0.0009416584528348422	0.0009530150306143757	0.0002927165579271582	0.0	0.0002756398426482731	0.0	0.0006663384325365766	0.00027305403259864135	0.0	0.0	0.0	0.0	0.0008446634220047184	0.0	0.0002727573949461176	0.0013829715722193387	0.0003462953313824748	0.0
V	0.0	0.0	0.0	0.0008828934624144592	0.0	0.0019738006334037894	0.0018998590057764516	0.0033187163985869093	0.0011082129045795939	0.0	0.003142211808751599	0.0	0.0	0.0010764151036955715	0.001219277167300848	0.0	0.0007629301176071925	0.000786642602292493	0.0015141673154123092	0.001630475985720292	0.0008372988542880514	0.0007616458584477428	0.0006679410776649558	0.0	0.0	0.00121558554024583	0.0006629000644091534	0.0	0.00053920780091247	0.0010163697756425006	0.0006168352589714524	0.0	0.0	0.0009530150306143757	0.0002927165579271582	0.00034696399389094263	0.0	0.0008682997840160138	0.0	0.0005461080651972827	0.00031631393848722704	0.0005844989647495312	0.000643829647455215	0.0	0.0002815544740015728	0.0003178136276850893	0.0	0.0	0.0	0.0
W	0.0	0.0	0.0	0.0	0.0	0.0	0.0	0.0	0.0011082129045795939	0.0	0.0	0.0	0.0	0.0	0.0	0.0010460836132761054	0.0	0.0	0.0	0.000815237992860146	0.0	0.0	0.0	0.0	0.0	0.000607792770122915	0.0	0.0	0.00053920780091247	0.0	0.0	0.0	0.0	0.0	0.0	0.0	0.0	0.0	0.0	0.0	0.0	0.0	0.0	0.0	0.0	0.0	0.0002727573949461176	0.0	0.0	0.0
Y	0.0	0.0015449448357948688	0.0	0.0008828934624144592	0.0021636888870212264	0.0	0.0	0.0011062387995289698	0.0011082129045795939	0.0	0.0010474039362505327	0.000895167626632117	0.0	0.0	0.0	0.0	0.0	0.0	0.0	0.000815237992860146	0.0	0.0	0.0006679410776649558	0.0	0.0	0.000607792770122915	0.0006629000644091534	0.0006215332816824691	0.0	0.0010163697756425006	0.0018505057769143574	0.00043118078362253446	0.0004708292264174211	0.0	0.0	0.0	0.0002756398426482731	0.0	0.0013326768650731532	0.0	0.0	0.0005844989647495312	0.0003219148237276075	0.0	0.0	0.0	0.0005455147898922352	0.00027659431444386777	0.0	0.0
