2.1490430820412985
1.9971819601322465
1.827685809732378
1.8776359764439874
2.1020442466994775
2.065644191058505
2.0141856011106927
2.3288592809611472
2.3529812095115337
2.427992526911101
2.3599933057340197
2.6038462604916486
2.2577992930757627
2.1803803148722816
2.3434096381997707
2.088356669998376
1.8904116985674981
2.1491529438226595
2.046894855391003
1.9543027816396064
2.2196477157962944
2.1671478147075685
2.1823426429596395
2.0076274298332653
2.2778922361043534
2.2257536274775553
2.2263405334368476
2.2901137015934117
2.0196064113055012
2.0480104569953355
1.9626878921316782
2.198300844531858
1.8934829487312057
2.1899183853698063
2.2691726684109756
2.095314296636085
2.1340288029500387
1.993565553833919
2.102407807408274
1.9890326539872618
2.1848803217732247
1.9401542565919485
1.9620801347930228
1.9963544513825826
2.033719453052929
2.0014406384417516
1.815643327830525
1.973697236518732
2.0942541999103192
2.36169455764536
