A	0.0	0.0007084744436327226	0.002741253722105152	0.0007767799850122022	0.0	0.0006974033450946927	0.0	0.0008582184446906796	0.0015775752806797526	0.0008113778302584743	0.0017351374845935021	0.0	0.0	0.0007373983740992507	0.0	0.0007935813792372907	0.0013081822820133007	0.0005307321135256239	0.000601315240030418	0.0	0.000565456442555564	0.0005817163097350746	0.0012291289288348948	0.0005592443925713218	0.0012364985897293935	0.0004958766656219558	0.0003463261030966199	0.0007323520206934278	0.0	0.0	0.0003572871283764793	0.0005867450318744243	0.00031798120693108463	0.00024026341606383679	0.00024018091814287205	0.0	0.00019411211009972204	0.00028883416102666836	0.00023307399912842264	0.0	0.00022610389825605318	0.0002448674474202366	0.0	0.00021286256759751055	0.0004958653420644311	0.0005363388093770105	0.00016751836264243913	0.0005170302777428285	0.000206663699661698	0.00017989012224339893
C	0.0	0.0	0.0	0.0	0.0007029232594806622	0.0	0.0	0.0	0.0	0.0	0.0008675687422967511	0.0008302497776952341	0.0	0.0007373983740992507	0.0	0.0	0.0	0.0010614642270512478	0.000601315240030418	0.0	0.0	0.0	0.0	0.0	0.0	0.0	0.0	0.0	0.0	0.0	0.0	0.0	0.0	0.0	0.0	0.0	0.0	0.0	0.0	0.0	0.0	0.0002448674474202366	0.0	0.0	0.0	0.0	0.0	0.0001723434259142762	0.0	0.00017989012224339893
D	0.0	0.0007084744436327226	0.0	0.0	0.0	0.0	0.0	0.0	0.0007887876403398763	0.0008113778302584743	0.0	0.0008302497776952341	0.0015505047256333645	0.0	0.0	0.0	0.0	0.0005307321135256239	0.000601315240030418	0.0005424093473818125	0.0	0.0	0.0006145644644174474	0.0	0.00041216619657646447	0.0	0.0	0.0	0.0	0.0	0.0007145742567529586	0.0	0.00031798120693108463	0.0	0.00024018091814287205	0.00025552959472651	0.00019411211009972204	0.0005776683220533367	0.00023307399912842264	0.0	0.00022610389825605318	0.0	0.00023900015163131152	0.00021286256759751055	0.0004958653420644311	0.0	0.00033503672528487825	0.0001723434259142762	0.000206663699661698	0.0
E	0.0	0.0	0.0	0.0	0.0	0.0	0.0	0.0017164368893813591	0.0	0.0	0.0	0.0	0.0	0.0007373983740992507	0.0	0.0	0.0006540911410066503	0.0	0.0	0.0	0.0	0.0	0.0006145644644174474	0.0	0.0	0.0	0.0003463261030966199	0.0	0.0	0.0015900719324696095	0.0003572871283764793	0.0	0.0	0.0	0.0	0.0	0.0003882242201994441	0.0005776683220533367	0.00023307399912842264	0.0	0.00022610389825605318	0.0	0.00023900015163131152	0.0004257251351950211	0.0	0.0	0.00033503672528487825	0.0001723434259142762	0.000206663699661698	0.00035978024448679786
F	0.0	0.0007084744436327226	0.0018275024814034344	0.0	0.0	0.0013948066901893854	0.000887293790691896	0.0017164368893813591	0.0007887876403398763	0.0	0.0008675687422967511	0.0008302497776952341	0.0	0.0014747967481985014	0.0	0.0	0.0	0.0	0.000601315240030418	0.0005424093473818125	0.001130912885111128	0.0017451489292052242	0.0	0.0	0.00041216619657646447	0.0009917533312439116	0.0	0.0003661760103467139	0.0	0.0	0.0	0.00029337251593721214	0.0	0.00024026341606383679	0.00024018091814287205	0.0	0.0003882242201994441	0.0	0.0	0.00022168564665358856	0.00045220779651210637	0.0	0.00023900015163131152	0.0004257251351950211	0.0	0.0	0.0	0.0	0.0	0.00017989012224339893
G	0.0	0.0	0.0009137512407017172	0.0007767799850122022	0.0007029232594806622	0.0	0.0	0.0	0.0	0.0008113778302584743	0.0	0.0	0.0	0.0014747967481985014	0.0	0.0	0.0006540911410066503	0.0010614642270512478	0.001202630480060836	0.0	0.000565456442555564	0.0005817163097350746	0.0006145644644174474	0.0005592443925713218	0.00041216619657646447	0.0009917533312439116	0.0003463261030966199	0.0003661760103467139	0.00033381747665656137	0.0	0.0003572871283764793	0.0	0.00031798120693108463	0.00048052683212767357	0.0	0.00051105918945302	0.0	0.0	0.0	0.0	0.0	0.0002448674474202366	0.00023900015163131152	0.00021286256759751055	0.00024793267103221555	0.00017877960312567015	0.0	0.0	0.000206663699661698	0.0
H	0.0	0.0	0.0	0.0	0.0007029232594806622	0.0	0.000887293790691896	0.0	0.0007887876403398763	0.0008113778302584743	0.0008675687422967511	0.0	0.0	0.0014747967481985014	0.0	0.0	0.0	0.0	0.0	0.0	0.0	0.0	0.0	0.0011184887851426436	0.0	0.0	0.0003463261030966199	0.0	0.0	0.0003975179831174024	0.0	0.0	0.0	0.0	0.0	0.00025552959472651	0.0	0.00028883416102666836	0.0	0.0	0.0	0.0002448674474202366	0.00023900015163131152	0.0	0.0004958653420644311	0.00017877960312567015	0.0	0.0	0.000206663699661698	0.0
I	0.0	0.0007084744436327226	0.0	0.0007767799850122022	0.0	0.0006974033450946927	0.000887293790691896	0.002574655334072039	0.0015775752806797526	0.0016227556605169487	0.0	0.0008302497776952341	0.0015505047256333645	0.0007373983740992507	0.0	0.0031743255169491627	0.001962273423019951	0.0005307321135256239	0.000601315240030418	0.0	0.0	0.0005817163097350746	0.0	0.0005592443925713218	0.0	0.0004958766656219558	0.0003463261030966199	0.0003661760103467139	0.00033381747665656137	0.0	0.0003572871283764793	0.00029337251593721214	0.0	0.0	0.0007205427544286162	0.00025552959472651	0.00019411211009972204	0.0	0.000699221997385268	0.00022168564665358856	0.00022610389825605318	0.0	0.00023900015163131152	0.00021286256759751055	0.0	0.00017877960312567015	0.0	0.0	0.0	0.00035978024448679786
K	0.0	0.0	0.0018275024814034344	0.0	0.0007029232594806622	0.0	0.000887293790691896	0.0008582184446906796	0.0015775752806797526	0.0008113778302584743	0.0017351374845935021	0.0008302497776952341	0.0	0.0007373983740992507	0.0024054065615122158	0.0	0.0006540911410066503	0.0005307321135256239	0.000601315240030418	0.0	0.001130912885111128	0.0	0.0018436933932523423	0.0005592443925713218	0.0008243323931529289	0.0	0.0	0.0	0.0006676349533131227	0.0003975179831174024	0.0007145742567529586	0.0011734900637488486	0.0006359624138621693	0.00048052683212767357	0.0	0.0	0.00019411211009972204	0.0005776683220533367	0.0004661479982568453	0.0004433712933071771	0.00022610389825605318	0.0007346023422607099	0.0	0.0	0.0	0.0	0.00016751836264243913	0.0005170302777428285	0.000619991098985094	0.00035978024448679786
L	0.0009515724494842913	0.004250846661796336	0.0	0.0007767799850122022	0.0007029232594806622	0.0013948066901893854	0.002661881372075688	0.0	0.002366362921019629	0.0008113778302584743	0.0026027062268902533	0.0016604995553904682	0.0	0.0	0.0	0.0015871627584745814	0.0	0.0005307321135256239	0.0018039457200912544	0.001084818694763625	0.000565456442555564	0.0011634326194701493	0.0	0.0016777331777139656	0.0008243323931529289	0.0	0.0003463261030966199	0.0003661760103467139	0.001001452429969684	0.0007950359662348048	0.0007145742567529586	0.00029337251593721214	0.0006359624138621693	0.00024026341606383679	0.00024018091814287205	0.00051105918945302	0.0	0.00028883416102666836	0.00023307399912842264	0.0008867425866143542	0.0	0.0002448674474202366	0.0007170004548939347	0.0004257251351950211	0.0007437980130966468	0.0007151184125026806	0.00016751836264243913	0.0	0.000413327399323396	0.0
M	0.013322014292780078	0.0	0.0	0.0	0.0	0.0006974033450946927	0.000887293790691896	0.0	0.0	0.0008113778302584743	0.0	0.0	0.0	0.0	0.0008018021871707384	0.0	0.0	0.0	0.0	0.0005424093473818125	0.0	0.0	0.0	0.0005592443925713218	0.0	0.0	0.0	0.0	0.00033381747665656137	0.0	0.0	0.0	0.0	0.0	0.0	0.0	0.00019411211009972204	0.0	0.0	0.0	0.0	0.0	0.0	0.0	0.0	0.0	0.00016751836264243913	0.0	0.0	0.0
N	0.0	0.0007084744436327226	0.0	0.0007767799850122022	0.0007029232594806622	0.0	0.000887293790691896	0.0008582184446906796	0.0	0.0008113778302584743	0.0	0.0008302497776952341	0.0	0.0	0.0016036043743414769	0.0007935813792372907	0.0013081822820133007	0.0	0.0	0.0	0.0	0.0005817163097350746	0.0	0.0	0.00041216619657646447	0.0009917533312439116	0.0003463261030966199	0.0	0.0	0.0	0.0	0.00029337251593721214	0.000953943620793254	0.00024026341606383679	0.0004803618362857441	0.0007665887841795301	0.0	0.00028883416102666836	0.0	0.0004433712933071771	0.00022610389825605318	0.0004897348948404732	0.00047800030326262304	0.0	0.0004958653420644311	0.0	0.00016751836264243913	0.0	0.0	0.0
P	0.0	0.0	0.0	0.0007767799850122022	0.0	0.0006974033450946927	0.0	0.0008582184446906796	0.0	0.0008113778302584743	0.0	0.0	0.0007752523628166822	0.0	0.0	0.0007935813792372907	0.0006540911410066503	0.0005307321135256239	0.0	0.0005424093473818125	0.0	0.0005817163097350746	0.0006145644644174474	0.0	0.0	0.0004958766656219558	0.0003463261030966199	0.0	0.0	0.0011925539493522071	0.0	0.0	0.0	0.00024026341606383679	0.00024018091814287205	0.0	0.0007764484403988882	0.00028883416102666836	0.00023307399912842264	0.0	0.00045220779651210637	0.0004897348948404732	0.0	0.0	0.00024793267103221555	0.0	0.00033503672528487825	0.0	0.000206663699661698	0.00017989012224339893
Q	0.0	0.0	0.0	0.0	0.0007029232594806622	0.0006974033450946927	0.0	0.0008582184446906796	0.0	0.0	0.0	0.0008302497776952341	0.0	0.0	0.0016036043743414769	0.0	0.0	0.0	0.0	0.0	0.0	0.0	0.0006145644644174474	0.0	0.0	0.0004958766656219558	0.0003463261030966199	0.0	0.0006676349533131227	0.0003975179831174024	0.0003572871283764793	0.00029337251593721214	0.00031798120693108463	0.0	0.00024018091814287205	0.0	0.0	0.0	0.00023307399912842264	0.00022168564665358856	0.00022610389825605318	0.0	0.0	0.0	0.0	0.0	0.00033503672528487825	0.0	0.0	0.0
R	0.0	0.0	0.0009137512407017172	0.003107119940048809	0.0007029232594806622	0.002092210035284078	0.001774587581383792	0.002574655334072039	0.0015775752806797526	0.0008113778302584743	0.0	0.0024907493330857023	0.0023257570884500467	0.0014747967481985014	0.0016036043743414769	0.0015871627584745814	0.0006540911410066503	0.0005307321135256239	0.001202630480060836	0.0016272280421454376	0.000565456442555564	0.0005817163097350746	0.0006145644644174474	0.0016777331777139656	0.00041216619657646447	0.0	0.0	0.0003661760103467139	0.00033381747665656137	0.0003975179831174024	0.0003572871283764793	0.00029337251593721214	0.0	0.0	0.0	0.00051105918945302	0.0	0.0	0.0	0.00022168564665358856	0.0	0.0002448674474202366	0.00047800030326262304	0.0	0.0	0.0003575592062513403	0.00033503672528487825	0.0001723434259142762	0.0	0.00035978024448679786
S	0.0	0.0007084744436327226	0.004568756203508586	0.002330339955036607	0.0021087697784419866	0.0	0.001774587581383792	0.0	0.0	0.0016227556605169487	0.0026027062268902533	0.0024907493330857023	0.003101009451266729	0.0007373983740992507	0.0024054065615122158	0.0031743255169491627	0.0006540911410066503	0.0010614642270512478	0.000601315240030418	0.00216963738952725	0.000565456442555564	0.0011634326194701493	0.0018436933932523423	0.0011184887851426436	0.0	0.001983506662487823	0.0006926522061932398	0.0010985280310401417	0.0006676349533131227	0.0	0.0007145742567529586	0.0	0.00031798120693108463	0.00048052683212767357	0.0004803618362857441	0.0	0.0	0.00028883416102666836	0.000699221997385268	0.00022168564665358856	0.00045220779651210637	0.0	0.0	0.00021286256759751055	0.0004958653420644311	0.00017877960312567015	0.0	0.0003446868518285524	0.000206663699661698	0.00035978024448679786
T	0.0	0.0007084744436327226	0.0009137512407017172	0.0	0.0028116930379226486	0.0013948066901893854	0.000887293790691896	0.0	0.0	0.0	0.0008675687422967511	0.0	0.0007752523628166822	0.0	0.0016036043743414769	0.0	0.0	0.0	0.0	0.0005424093473818125	0.001696369327666692	0.0005817163097350746	0.0006145644644174474	0.0	0.0	0.0	0.0003463261030966199	0.0010985280310401417	0.0006676349533131227	0.0	0.0	0.00029337251593721214	0.0006359624138621693	0.00024026341606383679	0.00024018091814287205	0.0007665887841795301	0.0003882242201994441	0.0	0.0	0.0	0.00045220779651210637	0.0004897348948404732	0.00047800030326262304	0.0004257251351950211	0.0	0.0	0.0	0.0003446868518285524	0.000206663699661698	0.0
V	0.0	0.0	0.0	0.0007767799850122022	0.0	0.0006974033450946927	0.000887293790691896	0.0	0.0	0.0008113778302584743	0.0008675687422967511	0.0	0.0015505047256333645	0.0	0.0	0.0	0.0006540911410066503	0.0010614642270512478	0.0	0.0005424093473818125	0.001130912885111128	0.0	0.0	0.0	0.0008243323931529289	0.0	0.0006926522061932398	0.0003661760103467139	0.0	0.0007950359662348048	0.0003572871283764793	0.00029337251593721214	0.0	0.0007207902481915104	0.00024018091814287205	0.0	0.0	0.00028883416102666836	0.00023307399912842264	0.0	0.0	0.0	0.0	0.00021286256759751055	0.0	0.0003575592062513403	0.0	0.0	0.000206663699661698	0.0
W	0.0	0.0007084744436327226	0.0	0.0	0.0	0.0	0.0	0.0	0.0007887876403398763	0.0	0.0	0.0	0.0	0.0	0.0	0.0	0.0	0.0	0.0	0.0	0.000565456442555564	0.0	0.0	0.0	0.00041216619657646447	0.0	0.0	0.0	0.0	0.0	0.0	0.0	0.0	0.0	0.0	0.0	0.0	0.0	0.0	0.0	0.0	0.0	0.0	0.00021286256759751055	0.0	0.0	0.0	0.0	0.0	0.0
Y	0.0	0.0007084744436327226	0.0	0.0007767799850122022	0.0	0.0	0.0	0.0	0.0	0.0	0.0	0.0	0.0	0.0007373983740992507	0.0	0.0	0.0006540911410066503	0.0	0.000601315240030418	0.0	0.0	0.0005817163097350746	0.0	0.0	0.0	0.0004958766656219558	0.0003463261030966199	0.0003661760103467139	0.0	0.0	0.0	0.00029337251593721214	0.00031798120693108463	0.0	0.0	0.0	0.0	0.0005776683220533367	0.0	0.0004433712933071771	0.0	0.0	0.0	0.0	0.0	0.0	0.0	0.0001723434259142762	0.000206663699661698	0.00017989012224339893
