A	0.00044782496659761774	0.0006495062842951932	0.0005470329065526875	8.800192258943489e-05	0.00040749433982111347	0.0005657356125271093	0.00028901520387730935	0.00019746906677807195	0.00041543472095316897	0.00045219146556068495	0.0005473623888049109	0.00044614466352718235	0.0003179911569783421	0.00039595711860867416	0.0001592598667671894	0.00039880318715321505	0.00018311594946132884	0.0003088184493562258	0.00018920327706838997	0.0004843950944337099	0.0001583440460801988	0.00021579979294268924	9.550506477822688e-05	0.0002338428263783258	0.00026183434103410077	0.00034885987544395396	0.0002476771253024941	0.00020366165703963318	0.00025356939584606766	0.00022440866255177229	0.0002019878013666738	0.00014679973338816379	9.602443471997054e-05	0.00011033243997123463	0.0002194011392762004	0.00020670139165055815	0.00012139820480826645	7.122664507952506e-05	0.00023857901488610653	7.141632737092813e-05	0.00026066544004747517	0.00021627461457575863	0.00020454123061276804	0.0001756584308203076	9.634593680186834e-05	8.889216928372804e-05	0.0001439199041796692	0.0001202632971825246	0.00013422047772571969	0.0001349972467017119
C	0.00022391248329880887	0.0	0.0001823443021842292	0.0	0.0	0.0	0.0	6.582302225935732e-05	0.0	0.0	0.0	6.373495193245463e-05	0.0	4.949463982608427e-05	5.3086622255729805e-05	4.985039839415188e-05	4.577898736533221e-05	5.146974155937097e-05	4.730081926709749e-05	4.8439509443371e-05	5.278134869339961e-05	0.0	4.775253238911344e-05	0.0	4.36390568390168e-05	0.00013082245329148272	4.127952088374902e-05	8.146466281585327e-05	3.62241994065811e-05	0.00011220433127588614	0.00012119268082000428	3.6699933347040946e-05	6.40162898133137e-05	0.00011033243997123463	0.0001462674261841336	0.00020670139165055815	3.0349551202066612e-05	7.122664507952506e-05	7.952633829536885e-05	3.5708163685464066e-05	0.0	7.209153819191955e-05	3.4090205102128004e-05	5.8552810273435876e-05	0.0	5.9261446189152026e-05	5.756796167186769e-05	0.0	3.355511943142992e-05	8.099834802102716e-05
D	0.0007836936915458309	0.0004330041895301288	0.0005470329065526875	0.00035200769035773955	0.0006519909437137816	0.0008081937321815847	0.00036126900484663666	0.00026329208903742927	0.00023739126911609659	0.00032299390397191787	0.000478942090204297	0.0002549398077298185	0.0004239882093044562	4.949463982608427e-05	0.00026543311127864903	0.00034895278875906314	0.00032045291155732543	0.00020587896623748387	0.0003311057348696824	0.00024219754721685496	0.0004222507895471969	8.63199171770757e-05	0.00023876266194556718	0.00037414852220532134	0.00030547339787311754	0.00026164490658296544	0.0002889566461862431	0.00016292932563170655	0.00025356939584606766	0.0003740144375862871	0.00044437316300668234	0.00011009980004112285	0.00016004072453328425	0.0004413297598849385	0.0002925348523682672	0.0002411516235923178	6.0699102404133224e-05	0.00032051990285786276	7.952633829536885e-05	0.0002499571457982484	0.0003258318000593439	7.209153819191955e-05	0.00020454123061276804	0.0001756584308203076	0.00016057656133644722	0.00014815361547288006	0.0002014878658515369	0.00021046077006941802	0.00016777559715714957	0.0001889961453823967
E	0.0005597812082470221	0.0007577573316777253	0.0005470329065526875	0.0012320269162520883	0.0008964875476064495	0.0008081937321815847	0.0007225380096932733	0.0007898762671122878	0.00041543472095316897	0.00045219146556068495	0.000478942090204297	0.0002549398077298185	0.0005299852616305701	0.0002969678389565056	0.00042469297804583844	0.00039880318715321505	0.00045778987365332205	0.00041175793247496775	0.0003311057348696824	0.000290637056660226	0.00026390674346699804	0.0003021197101197649	0.00047752532389113436	0.0005144542180323167	0.00043639056839016793	0.00034885987544395396	0.0002889566461862431	0.0003258586512634131	0.00018112099703290548	0.00014960577503451487	0.00016159024109333906	0.00036699933347040945	0.00028807330415991163	0.00022066487994246926	0.0004022354220063673	0.00020670139165055815	0.00018209730721239966	0.00014245329015905012	0.0004373948606245286	0.00032137347316917654	0.00013033272002373758	0.0003604576909595977	0.00010227061530638402	0.00020493483595702554	0.00019269187360373668	0.0002963072309457601	0.00031662378919527226	0.00021046077006941802	0.00013422047772571969	0.0001889961453823967
F	0.0007836936915458309	0.0003247531421475966	0.0002735164532763438	0.0004400096129471744	0.0003259954718568908	0.0005657356125271093	0.00014450760193865467	0.00019746906677807195	0.00029673908639512073	0.00025839512317753433	0.00013684059720122773	0.00019120485579736388	0.0002119941046522281	9.898927965216854e-05	0.00042469297804583844	9.970079678830376e-05	4.577898736533221e-05	0.0001544092246781129	0.00028380491560258493	0.000145318528330113	0.0001583440460801988	0.0002589597515312271	0.00014325759716734033	0.0	0.00026183434103410077	0.00017442993772197698	0.00020639760441874507	0.0002851263198554864	7.24483988131622e-05	3.7401443758628717e-05	4.0397560273334766e-05	0.00014679973338816379	0.0001280325796266274	0.0002574423599328808	0.0001462674261841336	6.890046388351939e-05	9.104865360619983e-05	0.00032051990285786276	0.0001590526765907377	0.0001785408184273203	0.00013033272002373758	0.0002883661527676782	0.00017045102551064003	5.8552810273435876e-05	6.423062453457889e-05	0.0	5.756796167186769e-05	3.006582429563115e-05	6.711023886285984e-05	8.099834802102716e-05
G	0.0003358687249482133	0.001082510473825322	0.0006382050576448021	0.0005280115355366093	0.0004889932077853362	0.0003232774928726339	0.00036126900484663666	6.582302225935732e-05	0.00023739126911609659	0.00045219146556068495	0.00027368119440245546	0.0003186747596622731	0.0002119941046522281	0.0002969678389565056	0.00026543311127864903	0.0002492519919707594	0.00013733696209599662	0.0001544092246781129	4.730081926709749e-05	0.000290637056660226	0.0001583440460801988	0.00038843962729684064	0.00042977279150202097	0.0002338428263783258	0.0001745562273560672	0.00017442993772197698	0.00033023616706999215	0.00016292932563170655	0.00025356939584606766	0.000261810106310401	0.00012119268082000428	0.0002201996000822457	0.00016004072453328425	0.0002574423599328808	0.00025596799582223377	6.890046388351939e-05	0.0002731459608185995	0.00014245329015905012	0.00011928950744305326	0.00032137347316917654	0.00013033272002373758	0.0001441830763838391	0.00023863143571489602	0.00014638202568358966	0.00019269187360373668	0.00011852289237830405	0.0001439199041796692	0.00018039494577378688	0.0002013307165885795	0.00016199669604205431
H	0.00022391248329880887	0.0001082510473825322	0.0002735164532763438	8.800192258943489e-05	0.0002444966038926681	0.0	0.00014450760193865467	0.00019746906677807195	0.00017804345183707244	0.00012919756158876716	6.842029860061387e-05	0.0002549398077298185	0.00010599705232611404	0.0001484839194782528	0.00010617324451145961	4.985039839415188e-05	9.155797473066442e-05	0.0	0.00018920327706838997	0.000145318528330113	0.0001583440460801988	0.0	9.550506477822688e-05	0.0002338428263783258	4.36390568390168e-05	0.00017442993772197698	8.255904176749804e-05	4.073233140792664e-05	7.24483988131622e-05	0.00011220433127588614	4.0397560273334766e-05	3.6699933347040946e-05	3.200814490665685e-05	7.35549599808231e-05	3.65668565460334e-05	6.890046388351939e-05	0.00012139820480826645	0.00014245329015905012	0.0001590526765907377	3.5708163685464066e-05	0.00026066544004747517	0.00010813730728787932	6.818041020425601e-05	0.0	0.00019269187360373668	5.9261446189152026e-05	2.8783980835933844e-05	0.0	6.711023886285984e-05	2.6999449340342387e-05
I	0.0006717374498964266	0.0006495062842951932	0.0006382050576448021	0.0004400096129471744	0.0004889932077853362	0.00040409686609079235	0.000433522805815964	0.0006582302225935731	0.00047478253823219317	0.0005167902463550687	0.00027368119440245546	0.00044614466352718235	0.0003709896831413991	0.0002969678389565056	0.00026543311127864903	0.0002991023903649113	0.00032045291155732543	0.0003088184493562258	0.00014190245780129246	0.00024219754721685496	0.0003166880921603976	0.0002589597515312271	0.00014325759716734033	0.0001403056958269955	0.00021819528419508396	0.00021803742215247118	4.127952088374902e-05	0.0003665909826713397	0.0002897935952526488	0.0004114158813449158	0.0002827829219133433	0.00025689953342928663	0.00016004072453328425	0.0001838873999520577	0.000182834282730167	0.00013780092776703877	0.00018209730721239966	0.00032051990285786276	0.00011928950744305326	0.0001785408184273203	9.774954001780318e-05	0.00021627461457575863	0.00017045102551064003	0.0002342112410937435	0.00032115312267289443	0.0002666765078511841	0.00025905582752340457	0.00042092154013883605	0.00036910631374572906	5.3998898680684774e-05
K	0.0014554311414422575	0.0007577573316777253	0.0012764101152896042	0.0006160134581260442	0.0004889932077853362	0.0008081937321815847	0.0009392994126012553	0.00046076115581550114	0.0005934781727902415	0.0005813890271494521	0.0006157826874055247	0.00044614466352718235	0.0004239882093044562	0.0002969678389565056	0.0005839528448130278	0.0002991023903649113	0.00045778987365332205	0.0007720461233905644	0.0006149106504722674	0.000581274113320452	0.0005278134869339961	0.0003021197101197649	0.0003820202591129075	0.00037414852220532134	0.00026183434103410077	0.00013082245329148272	0.00033023616706999215	0.0002851263198554864	0.0002897935952526488	0.00018700721879314356	0.0003231804821866781	0.0003302994001233685	0.0003520895939732253	0.00022066487994246926	0.0001462674261841336	0.00034450231941759687	0.00012139820480826645	0.00014245329015905012	0.00023857901488610653	0.00014283265474185626	0.00019549908003560636	0.00025232038367171836	0.00030681184591915204	8.78292154101538e-05	0.00016057656133644722	0.00014815361547288006	0.00023027184668747075	0.00018039494577378688	0.0002348858360200094	0.0001349972467017119
L	0.0010076061748446397	0.0004330041895301288	0.0008205493598290313	0.0004400096129471744	0.00040749433982111347	0.0008890131053997431	0.00036126900484663666	0.0008556992893716452	0.0006528259900692655	0.0009043829311213699	0.0005473623888049109	0.0005736145673920916	0.0003709896831413991	0.0005939356779130112	0.0003185197335343788	0.00034895278875906314	0.00045778987365332205	0.00041175793247496775	0.00037840655413677994	0.0004843950944337099	0.0005805948356273957	0.0004315995858853785	0.00047752532389113436	0.0005144542180323167	0.0004800296252291847	0.00039246735987444813	0.00033023616706999215	0.00024439398844755983	0.0002173451964394866	0.00029921155006902973	0.00016159024109333906	0.00029359946677632757	0.0001280325796266274	0.0001838873999520577	0.00025596799582223377	0.00027560185553407755	0.0005766414728392656	0.00028490658031810024	0.0002783421840337909	0.0002856653094837125	0.0002932486200534095	0.0001441830763838391	0.00030681184591915204	0.0002342112410937435	0.0004496143717420522	0.0003259379540403361	0.0002014878658515369	6.01316485912623e-05	0.00013422047772571969	0.0001889961453823967
M	0.00011195624164940444	0.0001082510473825322	0.0002735164532763438	8.800192258943489e-05	0.0	0.0	0.0	6.582302225935732e-05	0.00011869563455804829	0.0001937963423831507	6.842029860061387e-05	6.373495193245463e-05	0.00010599705232611404	4.949463982608427e-05	0.00010617324451145961	4.985039839415188e-05	0.0	5.146974155937097e-05	0.00014190245780129246	0.000193758037773484	0.0	4.315995858853785e-05	0.00019101012955645376	4.676856527566517e-05	4.36390568390168e-05	4.3607484430494245e-05	0.00012383856265124705	8.146466281585327e-05	3.62241994065811e-05	0.00018700721879314356	0.00012119268082000428	0.00018349966673520472	6.40162898133137e-05	3.677747999041155e-05	3.65668565460334e-05	0.0	6.0699102404133224e-05	3.561332253976253e-05	7.952633829536885e-05	3.5708163685464066e-05	3.2583180005934396e-05	0.00010813730728787932	0.00010227061530638402	0.0	3.2115312267289446e-05	8.889216928372804e-05	0.0	0.0001202632971825246	6.711023886285984e-05	0.0
N	0.0005597812082470221	0.0009742594264427898	0.0003646886043684584	0.0006160134581260442	0.0007334898116780043	0.00040409686609079235	0.0005057766067852913	0.00032911511129678656	0.00047478253823219317	0.00032299390397191787	0.00027368119440245546	0.0006373495193245462	0.0004239882093044562	0.0004454517584347584	0.00042469297804583844	0.00019940159357660753	0.00027467392419199324	0.0003088184493562258	0.00028380491560258493	0.00033907656610359695	0.0005278134869339961	0.0003021197101197649	0.00019101012955645376	0.0001403056958269955	0.00030547339787311754	0.00021803742215247118	0.00033023616706999215	0.00016292932563170655	0.00036224199406581097	0.00011220433127588614	0.0004039756027333476	0.00011009980004112285	0.0003200814490665685	0.0001838873999520577	0.00025596799582223377	0.0003100520874758372	0.00018209730721239966	0.00017806661269881264	0.0001590526765907377	0.00021424898211278435	0.00013033272002373758	0.0002883661527676782	0.00027272164081702403	0.00014638202568358966	0.00032115312267289443	0.0002666765078511841	0.00011513592334373537	0.0001202632971825246	0.00026844095545143937	0.0002159955947227391
P	0.0003358687249482133	0.0003247531421475966	0.00045586075546057294	0.00017600384517886978	0.00040749433982111347	0.00024245811965447543	0.00028901520387730935	0.00019746906677807195	0.00017804345183707244	6.459878079438358e-05	0.00041052179160368317	0.0003186747596622731	0.00026499263081528507	9.898927965216854e-05	0.00026543311127864903	0.00039880318715321505	0.00013733696209599662	0.00020587896623748387	0.00018920327706838997	9.6879018886742e-05	0.00021112539477359844	0.00012947987576561354	0.00023876266194556718	9.353713055133033e-05	0.00013091717051705038	0.00013082245329148272	4.127952088374902e-05	0.00012219699422377992	0.0001448967976263244	0.00022440866255177229	0.00016159024109333906	7.339986669408189e-05	6.40162898133137e-05	7.35549599808231e-05	0.0001097005696381002	0.00034450231941759687	0.00015174775601033304	0.00010683996761928759	0.00023857901488610653	7.141632737092813e-05	0.00016291590002967196	0.00021627461457575863	0.00013636082040851202	5.8552810273435876e-05	9.634593680186834e-05	8.889216928372804e-05	0.0001439199041796692	0.0001202632971825246	0.00010066535829428974	0.0001889961453823967
Q	0.00044782496659761774	0.000541255236912661	0.0001823443021842292	0.0005280115355366093	0.0003259954718568908	0.00016163874643631694	0.000216761402907982	0.00026329208903742927	0.00017804345183707244	0.00025839512317753433	0.0005473623888049109	0.00012746990386490925	0.0002119941046522281	0.0002474731991304213	0.0001592598667671894	0.0002492519919707594	9.155797473066442e-05	0.0001544092246781129	0.00014190245780129246	0.000193758037773484	0.00010556269738679922	0.0001726398343541514	0.00019101012955645376	0.0001403056958269955	0.0001745562273560672	0.00030525239101345967	0.00012383856265124705	0.00024439398844755983	0.00018112099703290548	7.480288751725743e-05	8.079512054666953e-05	0.00018349966673520472	9.602443471997054e-05	0.0	0.0001462674261841336	6.890046388351939e-05	3.0349551202066612e-05	0.00017806661269881264	0.00011928950744305326	7.141632737092813e-05	9.774954001780318e-05	0.00010813730728787932	0.00020454123061276804	0.00011710562054687175	0.00016057656133644722	0.00011852289237830405	0.00017270388501560306	6.01316485912623e-05	0.0002013307165885795	0.0001349972467017119
R	0.0003358687249482133	0.0006495062842951932	0.0001823443021842292	0.0006160134581260442	0.00040749433982111347	0.0005657356125271093	0.000433522805815964	0.00026329208903742927	0.00017804345183707244	0.00025839512317753433	0.000478942090204297	0.00038240971159472775	0.00010599705232611404	4.949463982608427e-05	0.00010617324451145961	0.00039880318715321505	0.00022889493682666103	0.00036028819091559676	0.00018920327706838997	9.6879018886742e-05	0.00036946944085379724	8.63199171770757e-05	0.00014325759716734033	0.00042091708748098647	0.00013091717051705038	0.00026164490658296544	0.00033023616706999215	0.00012219699422377992	0.00025356939584606766	0.00014960577503451487	0.00016159024109333906	3.6699933347040946e-05	6.40162898133137e-05	0.0001838873999520577	3.65668565460334e-05	0.00010335069582527907	0.00012139820480826645	0.0003561332253976253	0.0001590526765907377	7.141632737092813e-05	0.00019549908003560636	0.0001441830763838391	0.00010227061530638402	0.00020493483595702554	0.00016057656133644722	0.00014815361547288006	0.0001439199041796692	0.0002405265943650492	0.00013422047772571969	0.00016199669604205431
S	0.0007836936915458309	0.0012990125685903864	0.0005470329065526875	0.0010560230710732186	0.0008149886796422269	0.0007273743589634263	0.00028901520387730935	0.0005265841780748585	0.0005341303555112173	0.0003875926847663014	0.0003421014930030693	0.00038240971159472775	0.0005829837877936271	0.0007919142372173483	0.0003716063557901086	0.00019940159357660753	0.0005493478483839865	0.00036028819091559676	0.00037840655413677994	0.00033907656610359695	0.0004222507895471969	0.0005179195030624541	0.00042977279150202097	0.00042091708748098647	0.0003491124547121344	0.00043607484430494237	0.00012383856265124705	0.0005702526397109728	0.0002897935952526488	0.0004114158813449158	0.0005251682835533519	0.0005504990002056141	0.0005121303185065097	0.0003309973199137039	0.0002925348523682672	0.00034450231941759687	0.00021244685841446625	0.00028490658031810024	0.0006759738755106351	0.00039278980054010463	0.0003909981600712127	0.00021627461457575863	0.00030681184591915204	0.0004098696719140511	0.00019269187360373668	0.0003259379540403361	0.0001439199041796692	0.0003307240672519426	0.0002348858360200094	0.000350992841424451
T	0.0003358687249482133	0.0007577573316777253	0.0001823443021842292	0.00026400576776830465	0.0002444966038926681	8.081937321815847e-05	0.0005057766067852913	0.0007240532448529304	0.00023739126911609659	0.0003875926847663014	0.00027368119440245546	0.0005736145673920916	0.00026499263081528507	0.0001484839194782528	0.00026543311127864903	0.0004486535855473669	0.00032045291155732543	0.0004632276740343387	0.0004257073734038774	0.000193758037773484	0.00026390674346699804	0.0001726398343541514	0.00028651519433468066	0.00042091708748098647	0.00026183434103410077	0.00013082245329148272	0.00037151568795374117	0.00016292932563170655	0.00018112099703290548	0.00014960577503451487	0.0002019878013666738	0.0002201996000822457	9.602443471997054e-05	0.0003309973199137039	0.0002925348523682672	0.0002411516235923178	0.00012139820480826645	0.00017806661269881264	0.00023857901488610653	0.0004284979642255687	0.00022808226004154074	0.00010813730728787932	0.00010227061530638402	0.00020493483595702554	0.00016057656133644722	8.889216928372804e-05	0.00011513592334373537	0.00015032912147815573	0.0002348858360200094	0.00016199669604205431
V	0.0008956499331952355	0.000541255236912661	0.00045586075546057294	0.0007040153807154791	0.00040749433982111347	0.00040409686609079235	0.0005780304077546187	0.00019746906677807195	0.0003560869036741449	0.00032299390397191787	0.0006157826874055247	0.0002549398077298185	0.0002119941046522281	0.0002969678389565056	0.0005308662225572981	0.00014955119518245564	0.00022889493682666103	0.0001544092246781129	9.460163853419499e-05	0.00024219754721685496	0.00021112539477359844	0.00021579979294268924	0.00014325759716734033	0.00018707426110266067	0.0001745562273560672	0.00026164490658296544	0.00020639760441874507	0.0002851263198554864	0.0002173451964394866	0.00011220433127588614	0.0002827829219133433	0.0002201996000822457	0.0003200814490665685	0.00022066487994246926	0.0001462674261841336	6.890046388351939e-05	0.00018209730721239966	7.122664507952506e-05	0.0001590526765907377	0.00032137347316917654	0.0	0.0003244119218636379	6.818041020425601e-05	0.00011710562054687175	0.00019269187360373668	0.00011852289237830405	0.0002014878658515369	0.0001202632971825246	0.00026844095545143937	0.0001889961453823967
W	0.00044782496659761774	0.0001082510473825322	0.0001823443021842292	0.00035200769035773955	0.0	0.00016163874643631694	0.00014450760193865467	0.0	5.9347817279024146e-05	0.0	0.00020526089580184158	0.00019120485579736388	0.0	4.949463982608427e-05	0.0	9.970079678830376e-05	0.0	0.00010293948311874194	4.730081926709749e-05	0.0	0.0001583440460801988	8.63199171770757e-05	0.00014325759716734033	4.676856527566517e-05	8.72781136780336e-05	4.3607484430494245e-05	0.00012383856265124705	0.0	0.0	0.0	4.0397560273334766e-05	0.0	0.0	7.35549599808231e-05	3.65668565460334e-05	3.4450231941759693e-05	6.0699102404133224e-05	0.0	3.9763169147684424e-05	3.5708163685464066e-05	3.2583180005934396e-05	3.6045769095959775e-05	6.818041020425601e-05	5.8552810273435876e-05	3.2115312267289446e-05	0.0	0.0	3.006582429563115e-05	3.355511943142992e-05	0.0
Y	0.0003358687249482133	0.0002165020947650644	0.00045586075546057294	8.800192258943489e-05	0.0003259954718568908	8.081937321815847e-05	0.000433522805815964	0.00019746906677807195	5.9347817279024146e-05	0.00012919756158876716	0.00013684059720122773	0.00012746990386490925	0.00010599705232611404	0.00019797855930433708	0.0001592598667671894	0.00019940159357660753	0.00018311594946132884	0.0001544092246781129	0.00023650409633548745	0.000145318528330113	0.0001583440460801988	0.0003021197101197649	0.00023876266194556718	9.353713055133033e-05	0.0001745562273560672	0.00013082245329148272	0.00012383856265124705	0.00012219699422377992	0.0	0.00011220433127588614	0.00012119268082000428	0.00011009980004112285	6.40162898133137e-05	0.0001471099199616462	0.000182834282730167	6.890046388351939e-05	0.00012139820480826645	0.00017806661269881264	0.0001590526765907377	7.141632737092813e-05	0.00013033272002373758	0.0001441830763838391	0.00020454123061276804	0.00020493483595702554	0.0	0.00017778433856745608	0.00017270388501560306	0.00027059241866068034	0.0002348858360200094	2.6999449340342387e-05
