"nucleus"	"mitochondrion"	"membrane"	"bounding membrane of organelle"	"Golgi stack"	"Golgi apparatus"	"endosome"	"late endosome"	"cytosol"	"plasma membrane"	"fungal-type vacuole membrane"	"extracellular region"	"fungal-type cell wall"	"endoplasmic reticulum membrane"	"endoplasmic reticulum"	"endoplasmic reticulum-Golgi intermediate compartment"	"COPII-coated ER to Golgi transport vesicle"	"mitochondrial outer membrane"	"nuclear membrane"	"nucleoplasm"	"endomembrane system"	"endosome membrane"	"cellular bud neck"	"cellular bud tip"	"mating projection tip"	"ascospore wall"	"prospore membrane"	"lipid droplet"	"chromosome"	"chromosome, centromeric region"	"chromosome, telomeric region"	"P-body"	"cellular bud"	"nucleolus"	"trans-Golgi network"	"vesicle"	"cell periphery"	"U2-type catalytic step 1 spliceosome"	"cytoskeleton"	"kinetochore"	"cytoplasmic stress granule"	"peroxisome"	"mitochondrial inner membrane"	"mitochondrial intermembrane space"	"incipient cellular bud site"	"Golgi membrane"	"mitochondrial matrix"	"mitochondria-associated endoplasmic reticulum membrane"	"peroxisomal membrane"	"side of membrane"	"nuclear pore"	"nuclear pore central transport channel"	"nuclear pore nuclear basket"	"condensed nuclear chromosome"	"microtubule cytoskeleton"	"cell tip"	"nuclear envelope"	"vacuolar membrane"	"vacuole"	"cytoplasmic vesicle"	"ER to Golgi transport vesicle membrane"	"COPI-coated vesicle membrane"	"Golgi trans cisterna"	"nuclear outer membrane"	"early endosome"	"nucleus-vacuole junction"	"perinuclear endoplasmic reticulum"	"nucleosome"	"90S preribosome"	"cell cortex"	"chromatin"	"periplasmic space"	"fungal-type vacuole"	"precatalytic spliceosome"	"catalytic step 2 spliceosome"	"ribosome"	"intracellular organelle"	"cytoplasmic microtubule"	"microtubule"	"clathrin-coated pit"	"membrane coat"	"cis-Golgi network"	"respirasome"	"mitochondrial membrane"	"membrane raft"	"late endosome membrane"	"phagophore assembly site"	"autophagosome membrane"	"nuclear periphery"	"site of polarized growth"	"mitochondrial nucleoid"	"intracellular membrane-bounded organelle"	"cell division site"	"cellular bud membrane"	"eisosome"	"cytoplasmic vesicle membrane"	"cell septum"	"transport vesicle"	"cytoplasmic side of plasma membrane"	"cell surface"	"nuclear outer membrane-endoplasmic reticulum membrane network"	"cortical endoplasmic reticulum"	"replication fork"	"cell wall-bounded periplasmic space"	"U2-type prespliceosome"	"mitochondrial ribosome"	"vacuolar proton-transporting V-type ATPase, V1 domain"	"vacuole-mitochondrion membrane contact site"	"phagophore assembly site membrane"	"cellular bud neck septin ring"	"cellular bud neck septin collar"	"vacuolar lumen"	"fungal-type vacuole lumen"	"intracellular non-membrane-bounded organelle"	"perinuclear region of cytoplasm"	"Golgi medial cisterna"	"peroxisomal matrix"	"endoplasmic reticulum lumen"	"mitochondrial crista junction"	"site of double-strand break"	"euchromatin"	"nuclear chromosome"	"cellular bud neck contractile ring"	"septin ring"	"nuclear replication fork"	"mating projection base"	"mating projection"	"endocytic vesicle"	"extracellular space"	"Golgi cis cisterna"	"vacuolar proton-transporting V-type ATPase, V0 domain"	"cytosolic ribosome"	"COPI vesicle coat"	"polarisome"	"clathrin-coated vesicle membrane"	"early endosome membrane"	"condensed chromosome, centromeric region"	"proteasome storage granule"	"COPII vesicle coat"	"endoplasmic reticulum exit site"	"cellular bud scar"	"cell cortex of cell tip"	"clathrin-coated vesicle"	"endoplasmic reticulum tubular network"	"rDNA heterochromatin"	"nuclear inner membrane"	"COP9 signalosome"	"membrane-bounded organelle"	"nuclear pore cytoplasmic filaments"	"multivesicular body"	"nuclear pore outer ring"	"signal recognition particle, endoplasmic reticulum targeting"	"clathrin vesicle coat"	"matrix side of mitochondrial inner membrane"	"mitochondrial envelope"	"cellular bud neck split septin rings"
"0.027"	0.229405500749168	0.425018385369931	0.0715975588400552	0.00143168437362916	0.000524079488883583	0.012017623368531	0.00605679194683469	0.00107543753986542	0.263099477275189	0.0154184343407989	0.0215731962505364	0.0458747449861158	0.00304372560376592	0.0242896680419426	0.0520944354668163	0.000600745630518391	0.000842788162210515	0.0342856473101205	0.00298758306193603	0.00299384121207295	0.00300177432059362	0.00212901943031861	0.00657936200722182	0.00621065324487602	0.0137615992693737	0.000368720847875893	0.00190097527165186	0.0448315891952046	0.00529167527142761	0.000682141231666938	0.00580782090944322	0.00564752199305584	0.00205099984011215	0.0195144630914897	0.000841538206201591	0.000290498543180514	0.0205698955590796	3.94461894101863e-05	0.0371883635251761	0.000660285420006618	0.0391331589315414	0.0162514692972339	0.079826020766234	0.0294092543653463	0.0027578709043719	0.00833244319178788	0.101237376173713	0.00101996070055013	0.00384002340664465	0.0014128269034497	0.0039918542762932	0.00145408371126326	0.000626990115851767	0.000568752743134237	0.000932258988136519	0.000413938466557102	0.00336563274115266	0.00711402589931083	0.0157536516273903	0.00762597848713253	0.00313959366924417	0.00207250440247685	0.000111752841871294	0.000206684098292527	0.000261271598409512	0.000568222121846876	0.000371352212844068	0.00256043055646917	0.0294676092454542	0.00649562229778731	0.00379557936934258	0.00124771429815482	0.04116251028132	0.000259885130383641	0.000133645724195445	0.113963948293047	0.00995334749967751	0.000204315925454201	0.00461502831075454	0.00148487012261125	0.000900396236161141	0.00103340121416102	0.00775851370572068	0.0054862509042774	0.00840830162752345	0.000164079490312816	0.00133588763158083	0.000233310635592097	0.0169314954286117	0.000649326585770645	0.0635883486787032	0.00350316930662793	0.00148018872363912	0.000218664409615235	0.0150898656146412	0.00147285606680521	2.74908969087305e-05	0.000681270551565998	0.0132955456196958	0.00160840229532819	0.00209521795406919	0.00204320896319073	0.000102938682679043	0.000889994621293416	9.86893415960587e-05	0.000392914683390219	0.00388170973774171	0.00115823183142376	0.000414824757009275	0.00109702508506758	0.000142233453524797	0.00111067872345535	0.00391241446558717	0.00844845688383312	0.0233915586241341	0.0002011713320322	0.00467107763606179	0.00364271247425399	0.000456839756292299	0.000249488660110051	0.00049621527930967	0.000226781879027892	0.00659377171175276	0.00110684841336052	9.74708171314966e-05	0.000965897067131111	0.000977394352429105	0.000288792012662127	0.0024278823805827	4.27655666587565e-05	0.000468153863107982	0.00427675172280946	0.00221785837835254	5.07246523803035e-05	0.000161271200517549	0.000252405941410851	1.42023653102259e-05	0.00831623362826178	0.00309160738956777	0.00242116879018785	0.000724199573820758	7.07685921693907e-05	0.000269985049059679	0.00092674581285579	0.000467282227642156	0.000291963068269703	0.00041013135054556	0.00226296980872224	0.000615382343818939	0.000287338259325959	0.00094784067265872	0.000321540827344695	0.00171154797128893	1.34218832550556e-05	0.000473604261377777	4.05352755527034e-06
"0.044"	0.21993505711764	0.429654546760813	0.0743891381666824	0.00140721354917284	0.000569801224524956	0.0113444707079129	0.0053779910524052	0.00103111720884968	0.263910477512171	0.0161310994765733	0.0201421707053832	0.0444200339974888	0.00332478667734411	0.024572981892873	0.0519400576277952	0.000608369214639333	0.00100766943111964	0.0339049220740741	0.00279092236860573	0.00319865886528503	0.00291113407319484	0.00189696230594359	0.0063029670090327	0.00593896876789767	0.0134520173173618	0.000351206755290512	0.0017740845794064	0.0464756277777539	0.00538385639135634	0.000657926407172006	0.00542819165218117	0.00547557938303485	0.00203473978329325	0.0198920516382353	0.000817682072649633	0.000285251961229955	0.0200151826386242	3.77241955225311e-05	0.0352790256203473	0.000660893501822385	0.0404638687137125	0.0157928586462685	0.0872634356457557	0.0290843999583584	0.00266656579623322	0.00787716236171709	0.100965026309703	0.00105999729213149	0.00466460207284531	0.00170759359171368	0.00373189246289255	0.00144458827445386	0.000604305214000651	0.000501940905702739	0.000875694187457598	0.000447595460691135	0.00346775484892909	0.0065009265946005	0.0152093490188787	0.00735075585885144	0.00276141892942083	0.00209002423716853	0.000102202565255319	0.000176886925110092	0.000217136976837458	0.000490142507433776	0.000359700539993287	0.00275904989199799	0.0311314864136706	0.0062789040851979	0.0034012484636055	0.00120421754878885	0.0406769782303353	0.000259342188087464	0.000131945448240342	0.120427606029175	0.0101201938597519	0.000190047151202333	0.00446893583312437	0.00143697689025605	0.000945264402965056	0.00101721251965039	0.0088132824683973	0.00606213999607867	0.00960774872145788	0.000132955375934587	0.00124015651568992	0.000225834958899656	0.0146209848786538	0.000662831112817023	0.063584356064251	0.00335476779246121	0.00141986067347609	0.000202239740797678	0.0159946955293449	0.0014280306815716	2.87947525457993e-05	0.000755090280235588	0.0142957208744425	0.00145829123245885	0.00211917379756577	0.00203377380344558	0.000103073465137151	0.000779618452940075	0.000109267450136848	0.00042143719096433	0.00376795481296839	0.00109995662342131	0.00043150158628385	0.00104972007740327	0.000140244558093861	0.000917105930574491	0.00351288398757512	0.00808558407937099	0.0208654087523807	0.000201049060030304	0.00468653023167318	0.00353267820383065	0.000515912036781433	0.000189717333833793	0.000508988089493909	0.00021809030487871	0.00621578462473969	0.00101274772964233	8.90152064831718e-05	0.000916347240838999	0.000857019136264429	0.0002619922300463	0.0023202007180659	4.46444147758965e-05	0.000436771409353257	0.00502527257022724	0.00223404580425957	6.43000338697073e-05	0.000166009019736074	4.94125502760306e-05	1.45835500930894e-05	0.00785851069110664	0.00273947116009631	0.00218835278298069	0.00095671993947702	6.01862652528917e-05	0.000262634111530408	0.000934277879215759	0.000486755587626007	0.000259341836224239	0.000377767390092255	0.00243677261416755	0.000555494443649094	0.000219583273853074	0.000766144417867691	0.000313594031444381	0.00169013570711082	1.19488579655352e-05	0.000533140497894266	NA
"0.102"	0.199679829919029	0.414801116888734	0.0799605912410557	0.00134151447854599	0.000656996651318241	0.0120106586308734	0.00429868722359003	0.00105823740337551	0.233168641190778	0.0159938857895559	0.0217018705096553	0.0338590728000907	0.00381414420254267	0.0251431654227681	0.0512200130501331	0.000635923159693084	0.00129661286835085	0.032746137467157	0.00299045989226866	0.00371381951548665	0.00331101928546225	0.00186585304312901	0.00696386491407295	0.00628389190344644	0.014210252449544	0.00043287120468778	0.00196393966311494	0.0405169797305907	0.00661525733094925	0.000696178968390167	0.00589046742707931	0.00571669638530097	0.00231268603773607	0.0229261277333459	0.000829404061474396	0.000332398402231425	0.0190138352345064	3.85019929087769e-05	0.0378353112133299	0.000637300783062568	0.0483614900739301	0.0138709336596401	0.0959296249686323	0.0241694796794808	0.00307984813189747	0.0084275048772524	0.106259514901852	0.00123418369464237	0.00575334550200363	0.00208815986614504	0.00395190030551045	0.000902600073330415	0.000659148488263403	0.000596271316407238	0.00103386290008116	0.000447018055533331	0.00301345665561454	0.00697779312027054	0.0162276074858904	0.00768816549576852	0.00282508188334161	0.00225797231046288	8.88827810451635e-05	0.000164833192135161	0.000215424955070145	0.000483668789264576	0.000321983461235691	0.00354051851533118	0.0369015100266478	0.00546988618422785	0.00353997551799556	0.0011069269522235	0.0332634983113592	0.000288393869727083	0.000131619819406759	0.146191423242438	0.0116002077792731	0.000231643097280198	0.00487815218224837	0.0013667311066313	0.00104985743277654	0.00112819525404411	0.00989328956231393	0.00702821241635117	0.0107479735734117	0.000162336459041862	0.00123926149182985	0.000260341642993615	0.0108070358631356	0.000700385484330997	0.0663027616887975	0.00317087934745116	0.00159481713733312	0.000171996411584394	0.0151449384845771	0.00134844350022049	2.65141881830787e-05	0.000929852561857297	0.0129041762978761	0.00140794432423191	0.00240995865006309	0.0018718351877558	0.000115087258807693	0.000688788470769053	0.000111412388395688	0.000534367355426341	0.0042963226625843	0.00126956075441777	0.000447317726948777	0.0012271958123877	0.000153761001616604	0.000717557780301571	0.00313820591140763	0.00812149569672353	0.0177888858742581	0.000191506928821454	0.00403087352591206	0.0038337419587108	0.000634142619022037	0.000275621170570916	0.00057654690590657	0.000277615138539436	0.00602224796089839	0.00117889619643181	0.000106597112274172	0.0010421072334558	0.000742888066048788	0.000266663660295143	0.00232458863975234	0.0001154628341807	0.000461085955448221	0.00750916920048889	0.00243154527482388	9.90612311704229e-05	0.000197424399365975	4.71933058819342e-05	1.60866038023649e-05	0.00770245858890945	0.00277200565779149	0.00224175847796491	0.00110240808550423	5.91551182610139e-05	0.000271579364175803	0.00078717935493282	0.000523628894553016	0.000317277719268362	0.000344747505312219	0.00278245705842534	0.00056383920887415	0.000216674059125465	0.000732878714054064	0.000376217230420334	0.00157995027597072	1.50750827037703e-05	0.000491768224251585	5.63475089719594e-06
"0.152"	0.191151220856267	0.409492160765964	0.0801133213650611	0.0012748489613074	0.000699268507906628	0.0120508293638696	0.0037217687902805	0.00104408196851726	0.219552034816173	0.0147124903111205	0.0221650847726562	0.0295383842771114	0.00376734749458269	0.0240041624414243	0.0481315501179986	0.000633228305642579	0.00140494555173407	0.0311629720309442	0.00301169354670466	0.00394396014183665	0.00329633047586148	0.00181346766070424	0.00694183381096083	0.0061823333632147	0.0145455583017882	0.000445238789999862	0.00196128112257629	0.0361166925721696	0.00681962683388951	0.000722357105995443	0.00545273067206664	0.00564341160295039	0.00233797594923683	0.0245825287575316	0.000822296550847333	0.00033545543503466	0.018067067671005	2.51682456121806e-05	0.0393788610394356	0.000654640637149622	0.0535367786991639	0.0125323627448522	0.0990060166363272	0.0223704904485096	0.00319497362789352	0.0084943580061092	0.108764863019392	0.001349348356127	0.00602103039816314	0.00219272343479843	0.00405166510147028	0.00162019876284821	0.000735911126261727	0.000514911199915028	0.00106219484242419	0.000449664007949714	0.00379665151964726	0.00705844414056926	0.0154627042146224	0.00770627149097169	0.00282560318836774	0.00227844750849322	7.61731624670157e-05	0.000130579801690366	0.000198291548152489	0.00046196166160763	0.000302599790667709	0.00371617476611415	0.0390537632539276	0.00494110892718714	0.00351638653078792	0.00104164917364649	0.0287935444183586	0.000286424160753859	0.000128952244846834	0.161012025358356	0.0124933247065553	0.000242457142361743	0.00511160609591691	0.00128445819539036	0.00100135358975689	0.00124969942837111	0.010560736931437	0.00772955989585653	0.0105315700114119	8.96189747618997e-05	0.00118656513958032	0.000244122941812236	0.00914159360444236	0.000724134498577631	0.067540311694872	0.00298740453019072	0.00162767376758877	0.000149782673689842	0.0134489431879455	0.00129590816397806	2.831596245328e-05	0.000976304183630829	0.0119434263673889	0.00127809256192629	0.00257144392084666	0.00175090774703703	0.000124203447121223	0.000640450604027074	0.000116243415984211	0.000559606795062364	0.00452249812234738	0.00137390951815073	0.000437903309525901	0.00125016946451949	0.000156980898422521	0.000490318169231345	0.00242740200411623	0.00856341709189182	0.0174362267659037	0.000245503750860415	0.00370146496336155	0.00375777495232904	0.000704565880863054	0.000233293443369499	0.000567381907963986	0.000265361190536614	0.00651338286672365	0.00121442935997714	9.02979786590214e-05	0.00103337349600127	0.000629960977470242	0.000262022540565932	0.00200450776021425	4.76760073122164e-05	0.000445372413630417	0.00873348627935358	0.00249841448402158	9.89034699760977e-05	0.000179067446272394	8.5152151242271e-05	1.73282785408208e-05	0.00759281151184175	0.00280136308319383	0.00225966121594655	0.00116345565652004	6.27833605801043e-05	0.000264418969496505	0.000685596419693868	0.000550706243966691	0.000291244860251119	0.000333867648415751	0.00282073181618646	0.000566199113477892	0.000231153708907602	0.00068379503106608	0.000376250532575072	0.00153468750246796	1.80790343848799e-05	0.000549167573435036	5.75241729017455e-06
"0.214"	0.182503939709364	0.404124634569232	0.0802017825516754	0.00124107277939918	0.000697449066895214	0.0119420830656061	0.00295909835753841	0.00103085288646005	0.201538130894904	0.0130604214720705	0.0228527887949305	0.0251494050122253	0.00370960967293138	0.0227205906055414	0.0446258410630048	0.000623722578403017	0.00148380718307667	0.0295779492747554	0.00310258121697719	0.00417901101728374	0.0033777939732063	0.00172828262839014	0.00705292562057582	0.00627587266380385	0.0147643332102623	0.00046585344048267	0.001916535268614	0.0295695494502092	0.00729994370159633	0.000756374940326878	0.00585568079811428	0.00571150457566313	0.00223742887335889	0.0270568611217026	0.000825442392527427	0.000355821427446218	0.017037662788454	4.20322897689375e-05	0.0406617212343763	0.000573236336393315	0.0602146457941203	0.0120220166486936	0.10287556841139	0.020489826244872	0.00329723010113575	0.00836252944318418	0.116691393831472	0.00150512454596509	0.00612488560649619	0.00209501526825935	0.00417612969283398	0.000977583678802214	0.000695389417749998	0.000516785795433963	0.00109780629663025	0.000429592189733577	0.00305766118958224	0.00740622841151308	0.0149878844138199	0.0080346321960443	0.00291555228301951	0.00237462577168171	8.61649760065055e-05	9.20145787710357e-05	0.000162823127499294	0.000412724351329327	0.000270983139948491	0.00397674633417555	0.0436011232014687	0.0044960899029837	0.00369170498956626	0.000911819269412628	0.0224476355707437	0.000334736594265732	0.000143517480373615	0.178667883136394	0.0135608600975411	0.000254377215815466	0.00562784003223642	0.00126553786545276	0.00109203619380586	0.00117799914219256	0.0121809811079568	0.00911090037819778	0.0096711441222487	0.000153438180930344	0.0011971343952361	0.00026461942752598	0.00727595668426258	0.000791762614244269	0.0717804149069779	0.00305669413389919	0.00164333097973109	0.00013668710507823	0.0112823958583617	0.00125537386365109	2.13125900265213e-05	0.0011257603620929	0.00984587477215138	0.00103219183308395	0.00267537238667067	0.00163181365516372	0.00013617603225132	0.000588597605306406	0.000101768640859684	0.000615038509711651	0.00483133209407808	0.00143203571784067	0.000452328922549962	0.00127402716872197	0.000174550078077126	0.000402552319432645	0.00179754667847454	0.00836834978457478	0.0169156660793816	0.000212237244478196	0.00384630266417563	0.00347048544119188	0.000800886500742704	0.000208854589462551	0.000589642197934014	0.000279453926985868	0.00589804601343095	0.00123684652280564	0.00010228319469058	0.00103824062630552	0.0004685758758778	0.000242508182883396	0.00162382469000235	4.93342560482627e-05	0.000417748360329806	0.0100339004373613	0.00255414769391123	8.81411591836913e-05	0.000192233882515759	5.8142999380103e-05	1.40861321350408e-05	0.00740046980454595	0.00291243481390122	0.00233192600585183	0.00128372097457501	6.03721692866237e-05	0.000264915847531485	0.000547062571488049	0.00052894550824536	0.000323757902403784	0.000314113163794209	0.0029436258679025	0.000561531395361457	0.000224674204489262	0.000769064378802343	0.000383593199150191	0.00152994076647787	2.0428491115999e-05	0.000524631947035032	6.36663097177852e-06
"0.254"	0.172957942059235	0.400371501118218	0.0782015600428206	0.00112076596702827	0.000705953087090754	0.0113942928740531	0.00271075562978223	0.000996782894867345	0.189263766966147	0.0118365211025003	0.0232891147997663	0.0207764000214784	0.00367919543815603	0.0206714998682527	0.0389934553224195	0.000560827357301854	0.00151515041732123	0.026999042176773	0.00312656773229286	0.00418701957677139	0.00335915132691064	0.0016460728291629	0.00689530539667891	0.00599060244346942	0.0145629363097652	0.000461662719969213	0.00188681494524409	0.0249377945444396	0.00750123411797352	0.000827945221320246	0.00538767125608101	0.00539384251348924	0.00212313783358904	0.0284610190436282	0.000800773551051986	0.000349414827863442	0.0160989935156645	4.36278187898128e-05	0.0421938615849818	0.00059884251754364	0.0642535499629696	0.0108582324777615	0.104397309067266	0.0195985799421644	0.00336069534283668	0.0080996027085913	0.120649820317802	0.00159047043895053	0.00591324631656871	0.00209168768998815	0.00407522671037105	0.00164091196997784	0.000650608213642878	0.000435716790056027	0.00108653655845494	0.000440964708340166	0.0036236741552275	0.00735857976142448	0.013452493366749	0.00769707178262101	0.0028355991214992	0.00220499171248288	7.53604435599376e-05	0.000124808635600819	0.000188064201678716	0.000429956958905138	0.000287040381858664	0.00412421465289461	0.0457292749171424	0.00419144256396211	0.00360111653248838	0.000782665345527984	0.020557454380553	0.000359410889386641	0.000186101757236271	0.193158614091284	0.0144727872034786	0.000255566996302173	0.00571237834225003	0.00115244417987866	0.00101898026740854	0.00122354478452241	0.012846624494462	0.0096568252762172	0.00901292715365132	0.000131410569433496	0.00108925478343116	0.000241217252490395	0.00618358564951137	0.000780588119901487	0.0736337013332933	0.00305257567078781	0.00161303762991344	0.000135970305082289	0.00942015000343331	0.00116289705826573	1.78934195994343e-05	0.00117502238681191	0.0101763228626758	0.00106046032723407	0.00267562898520798	0.00152322724579779	0.000139785957224822	0.00049377676619205	0.000138992527691575	0.000692720790712942	0.00488691823331485	0.00150340301544153	0.00042710115312886	0.00124065540431784	0.00017239219565405	0.00024800561962584	0.00120002416821839	0.008260972302729	0.016952213732585	0.00022539380874164	0.00360565757756744	0.00304575383694294	0.000874784709403839	0.000130609491666915	0.000596119783502702	0.000292254207814284	0.00582467291172935	0.00121565279681637	0.000115259004554828	0.00100955271813113	0.000469940928428552	0.000220424019542509	0.0012578495197506	4.2993238591008e-05	0.000418456080921957	0.0110493982400628	0.00243221301186867	0.000112791235513648	0.000199838396944475	4.84158560674892e-05	1.3718187692327e-05	0.00679420046572729	0.00281280169540273	0.00225000519612641	0.00135872784747748	5.83194127673639e-05	0.00026199644891936	0.000463288636852598	0.00063575412011025	0.000300533386332056	0.000288481382980759	0.003029101321414	0.000568439505344529	0.00023440336580622	0.000736236975409917	0.0004145390440855	0.00141846400281416	2.32668250022922e-05	0.000707916960495646	8.10820066792265e-06
"0.284"	0.172566498230863	0.394716216385998	0.0789318899047069	0.00109791882090268	0.000680802509427649	0.0113451040546239	0.00265040105040216	0.000950839974567895	0.192761692134514	0.0116355177301707	0.0230953356923386	0.0189548858015863	0.00322993775301539	0.020622826546936	0.035335049111285	0.000537291782069131	0.00134596983337989	0.0242343796329723	0.00313539067073169	0.00398490152780084	0.00323768614560984	0.00163884970211525	0.00664019178953305	0.00578840734290286	0.0144930666781833	0.000440273858546103	0.0017674606550579	0.0240717121911744	0.00679588545051727	0.000816210369122972	0.00627451502152742	0.00546209674520551	0.0021355664263249	0.0290666652194302	0.000814546112479565	0.000342168785356042	0.0147604769125616	4.00973111722805e-05	0.042064775391489	0.00060276909067829	0.0683260612805801	0.00997094526702056	0.105588613289387	0.0203255222525622	0.0033121532342596	0.00802843867980354	0.113799112639532	0.00173960502867212	0.00602974630606218	0.00190457583199957	0.00403358032158131	0.00120733799008928	0.000578835668091973	0.000515839093474026	0.00100016057922614	0.000468757026040057	0.00315939356063222	0.00695667620542274	0.0124723380378349	0.00752206210817613	0.00274051867572373	0.00221140701765403	8.16356922348212e-05	0.000102669879179342	0.000177633160706212	0.000405882745632144	0.000268430403235374	0.00347032093559635	0.0493600888910685	0.00360050832957918	0.00339028362836424	0.000763999851626679	0.0209855077917326	0.0003804603548268	0.000155747644627772	0.201588017044861	0.0149337593074816	0.000245757202424438	0.00582223267340221	0.00109865337033888	0.00100927161964365	0.00124592732888875	0.0138993155545226	0.0105612878146179	0.00935885125073253	0.000101085490417933	0.00105577149234295	0.000258676722954391	0.00588022526250341	0.000739453375737697	0.0643094824308948	0.00280693393468217	0.0015052235651872	0.000115641278648162	0.00911596196443419	0.00110701160675981	3.13936991749536e-05	0.00115902268042597	0.010967401383359	0.000840474402151411	0.00274819289145437	0.00145403630556342	0.000130156178599196	0.000440930573681006	0.000121546093108761	0.00077482382525294	0.00471669142663906	0.001434658675181	0.000425029836534478	0.00118238710788016	0.00016166794864993	0.000334266091771635	0.00102150620067149	0.00851324803905541	0.0161867087695061	0.000240104474902475	0.00318180841438839	0.00294232122820048	0.000972972755933123	0.000224683402629635	0.000573190975064336	0.000252274658383879	0.00576706127919703	0.00115517322493139	0.000113279466727991	0.000951854355955386	0.000380695130614742	0.000199031817054222	0.00106129339297142	6.54004666207304e-05	0.000377187757482895	0.0119917259191364	0.002380068113928	0.000117511395353556	0.000189609000388643	7.63669159986558e-05	1.25923024865173e-05	0.00634791289905625	0.00272726269129972	0.00223037681122321	0.00117159832603559	5.77793613663127e-05	0.000258466263457206	0.000432721703803444	0.00065092535361403	0.000343307249415434	0.00027211634337386	0.00309749200618115	0.00054862858581671	0.00023566365055921	0.000728483864682924	0.000397382399543138	0.00133738635187657	3.0561752372941e-05	0.000788114004481268	8.21720754176274e-06
"0.334"	0.172714470979735	0.374182572806309	0.0787410749884168	0.000997216854963001	0.000645116887117804	0.0109872328884102	0.00242710041359884	0.000845305520120778	0.188087996576428	0.0125776072442905	0.0237369066088103	0.0176939310243394	0.00329368641012104	0.0199310854838903	0.0324242929058254	0.000500973676857019	0.00124896720203501	0.0220401711993586	0.00319127183422354	0.00390172581701584	0.00343420186044269	0.00145152875019797	0.00641195352644515	0.00567025227072195	0.0152257057122551	0.000444350839562749	0.00164628816220715	0.0241189216137051	0.00684413947896884	0.000810602770323578	0.00581856341447727	0.0056031515578404	0.00208648953565506	0.0305743531732405	0.000769628712206293	0.000331508611134377	0.0142159464013867	3.09597955621142e-05	0.0412079439418888	0.000545825808968264	0.0727676936213994	0.00744192733040979	0.099740716773305	0.019454382692549	0.00315706461295371	0.00783714279599893	0.100588015298085	0.00175067430293925	0.00527143771973949	0.00184586273667506	0.00416674644322442	0.00113741299333923	0.00059782604990725	0.000394213812279966	0.000951367942747419	0.000387910283461184	0.00298472372755053	0.00769754262671202	0.012526793864781	0.00751182129820965	0.00284872831956164	0.0022235796364484	6.37939281348634e-05	8.75920263872825e-05	0.000161920956464236	0.000386828015435565	0.000258964683932735	0.00353592859091389	0.0540226574138321	0.00325723017641704	0.00332958323899268	0.000680054026769148	0.0222576786582244	0.000367749235454116	0.000156964257312586	0.224642427545897	0.0165760295356941	0.000245585068453515	0.00577455808610053	0.00104339670086718	0.00102239626860432	0.00110283161552563	0.013380034027426	0.0101345608721461	0.0108700183822674	0.000102224816530448	0.000952714786389999	0.000269402348918211	0.00594671757648913	0.000726428225504869	0.0546967200000298	0.00241609815892939	0.00148314223974707	9.36469697809015e-05	0.0104268868471719	0.00105658450227173	1.63453325054043e-05	0.00109282177341704	0.0123353762091408	0.00083693331971328	0.00275782510795909	0.00139431146844629	0.000119025157859825	0.000388510194465194	0.00011276701468705	0.000826474613817365	0.00545861569597528	0.00168656910134117	0.000387255616670783	0.00114489060413869	0.000177331914142203	0.000238826490154852	0.00081481788812719	0.008304671650567	0.0157782289062918	0.000193491445465347	0.00176416339832135	0.00305956789819583	0.000861810933328813	0.000111117941326193	0.000541663743644069	0.00027404520625181	0.00530935791425644	0.00107013386727101	0.000122789982512158	0.000935656865949606	0.000391843869405719	0.000184206310173077	0.000950301247506391	6.78180067939485e-05	0.00042285857628959	0.014188779875574	0.00243044320572403	0.000136256300814647	0.000168155060529544	5.53043209531906e-05	1.25015046133353e-05	0.00598919366972516	0.00288087162479156	0.00231006895251277	0.00111863722913036	6.36221609686166e-05	0.000264452671081034	0.00039648143184752	0.00073394780277873	0.000291580549223811	0.000231591095415948	0.00327750649130497	0.000530591065933659	0.000202510966818579	0.000740749194286879	0.000378587143564832	0.00127516847605019	3.88213606244653e-05	0.000655873049391707	1.0270696523986e-05
"0.379"	0.174385035170118	0.357225098123242	0.0756801525807098	0.000912349006309983	0.000631166848299353	0.0110391868929889	0.00244813583225859	0.000831117106038688	0.185942774144243	0.0129747235542371	0.0243518153378415	0.0157998617485926	0.00354078895974415	0.0195766107020287	0.0322029684805619	0.000521279765153097	0.00127200980126354	0.0200259660913796	0.00337622396028819	0.00412456111678414	0.00350646440251773	0.00142335837092029	0.00631177408288772	0.00572554117903583	0.0157238515007385	0.00045059068041613	0.00160341361375719	0.0240411125868908	0.00678841093467587	0.000833854683253598	0.00553390892387079	0.00570953801259947	0.00209468351843416	0.0322502242841287	0.000749637951462202	0.000342450691221904	0.0140473240107076	4.43457759698473e-05	0.0412250424069758	0.000524983361010251	0.0748435971334589	0.00636961795514599	0.0906692551672189	0.0179069834588977	0.00309977871375753	0.00796121338533622	0.0897996774690592	0.00168574038186745	0.00489168412368056	0.0018878810378049	0.00428230082209891	0.00117693355399625	0.000620454970811183	0.000385439046835032	0.000945190790279686	0.000366139926948743	0.00305852862279017	0.00807073289573443	0.0125862146394649	0.00741580382681612	0.00290075348877126	0.00224458306328061	5.95439545949062e-05	6.29576476853932e-05	0.000147563914154758	0.000369252068593167	0.000275212332629727	0.00345622606697307	0.0565343625064093	0.00305008092205327	0.00333459256239692	0.00067162930633475	0.024170929844512	0.00037931979236363	0.000131961539081685	0.235723125873262	0.0175100485139211	0.000249090736224916	0.00577276343987456	0.000960179859100601	0.00103084709065936	0.00112723654201551	0.0116305234044297	0.00909531889509687	0.0114860556787861	0.000112985358955263	0.000915721383572133	0.000258300469501616	0.00586031358780163	0.000685686194383982	0.0479334212828922	0.00229566048939114	0.00145454022915972	0.000103222041272758	0.0105574991447692	0.000975073281379497	2.60331749570864e-05	0.00101273075311814	0.0140602973842797	0.000861921991236589	0.00283931209167936	0.00136729726068858	0.00012389039909829	0.000387076895428898	8.84398969649457e-05	0.000769612573029721	0.0058103167861138	0.00178627788275645	0.000361358955875312	0.00113834031141717	0.00017975695022467	0.000180155781646039	0.000724891334285426	0.00779481022018208	0.0161173606081165	0.00017792065560477	0.00115141276472066	0.00318635212763924	0.000728850822430204	0.000118650885020212	0.00052401636657287	0.000261141804546262	0.00503451006639457	0.00106551731366962	9.98129830224986e-05	0.00093465072976191	0.000380391309486414	0.000193788330269948	0.000965512101068896	4.43753700927822e-05	0.000470840665634744	0.0153451707318277	0.00247237382403794	6.9614319943507e-05	0.000169819186653513	8.00935465884543e-05	1.2194565487739e-05	0.00612517254708845	0.00294215844403764	0.00237683190140176	0.00117930093728704	5.01424904588336e-05	0.000264460248819119	0.000380931457137671	0.00076640918773725	0.000299622569637441	0.000235765234436695	0.00291020677032008	0.000613022099405531	0.000197290211604341	0.000728413180700293	0.000392585148018836	0.00122414923178111	3.70692212257038e-05	0.000627407143600554	1.10064924549225e-05
