A	0.0	0.0004931608087675727	0.0012130001294940256	0.00030249292359262086	0.00036908683238573306	0.00040321213701913905	0.00039320121551363627	0.0	0.0	0.0006668199026172943	0.0	0.0005552831046737822	0.0	0.0005127334740467517	0.00054442583696121	0.0	0.00024316370273859322	0.0	0.0003506618093179753	0.0	0.0003711703782867517	0.00019121576538534254	0.00016668186111916137	0.000270485809242814	0.0010076013275227866	0.00019751339123673473	0.00014729330968947638	0.0005557801299795584	0.00034590236099324304	0.00045143381286905467	0.0001234218506784977	0.00020545355757412196	6.78048766394248e-05	0.0	9.783439354536299e-05	0.0	0.00016177712053417397	0.0004279422555729904	9.500838367018148e-05	0.00012242302658439764	0.0001340140484105248	0.00015285183261996578	0.00011608534666756789	0.0003962208986837396	0.00025926497872877315	0.0	0.0002407894352935493	0.0002533335318021557	0.0004080763712388865	0.0
C	0.0	0.0004931608087675727	0.0	0.0	0.0	0.0	0.0	0.0	0.0	0.0	0.0	0.0	0.0	0.0	0.0	0.0	0.0	0.0	0.0	0.0	0.0	0.0	0.0	0.0	0.0001679335545871311	0.0	0.0	0.0	0.0	0.0	0.0	0.0	0.0	0.0002289420069076165	9.783439354536299e-05	0.00011034585636316159	0.0	0.00028529483704866027	0.0	0.0	0.0	0.0	0.0	0.00026414726578915973	0.0	0.0	0.0	0.0	0.0	0.0
D	0.0	0.0009863216175351455	0.0003032500323735064	0.00030249292359262086	0.00036908683238573306	0.0	0.00039320121551363627	0.0003114768369419153	0.0	0.0006668199026172943	0.0002761014224053341	0.0	0.000629342569782149	0.0002563667370233759	0.00054442583696121	0.000471268263201668	0.00024316370273859322	0.00024218813132959838	0.00017533090465898766	0.00034897340681893784	0.0003711703782867517	0.0	0.00033336372223832274	0.000135242904621407	0.0001679335545871311	0.00019751339123673473	0.00029458661937895275	0.0001852600433265195	0.00034590236099324304	0.00030095587524603645	0.00037026555203549305	0.00010272677878706098	0.00020341462991827443	0.00011447100345380825	0.00019566878709072598	0.00022069171272632318	0.0	0.00028529483704866027	0.0003800335346807259	0.0	0.0001340140484105248	0.0004585554978598973	0.0	0.00013207363289457986	0.0	0.00011832871944083064	0.0002407894352935493	0.0002533335318021557	0.00027205091415925765	0.00018454110515299184
E	0.0	0.0009863216175351455	0.0	0.0006049858471852417	0.0007381736647714661	0.0008064242740382781	0.001572804862054545	0.0003114768369419153	0.0002851191491218877	0.0	0.0005522028448106682	0.0002776415523368911	0.000629342569782149	0.0002563667370233759	0.0008166387554418151	0.000471268263201668	0.00024316370273859322	0.00048437626265919676	0.0	0.00034897340681893784	0.00018558518914337584	0.00019121576538534254	0.0	0.00040572871386422094	0.0006717342183485244	0.00039502678247346946	0.00014729330968947638	0.0	0.0	0.00030095587524603645	0.0002468437013569954	0.00020545355757412196	0.0	0.0005723550172690412	0.00039133757418145196	0.00022069171272632318	8.088856026708699e-05	0.0004279422555729904	0.0002850251510105444	0.0003672690797531929	0.0006700702420526241	0.0004585554978598973	0.00034825604000270364	0.00013207363289457986	0.0	0.00047331487776332255	0.0006019735882338733	0.0003800002977032335	0.00027205091415925765	0.0003690822103059837
F	0.0	0.0	0.0	0.0006049858471852417	0.0	0.00040321213701913905	0.00039320121551363627	0.0006229536738838306	0.0	0.00033340995130864715	0.0002761014224053341	0.0	0.0003146712848910745	0.0	0.00054442583696121	0.000471268263201668	0.0	0.00024218813132959838	0.00017533090465898766	0.0	0.00018558518914337584	0.0	0.0	0.0	0.0	0.00039502678247346946	0.00029458661937895275	0.000370520086653039	0.00034590236099324304	0.0	0.0	0.00041090711514824393	0.0	0.0	0.0	0.00011034585636316159	0.0	0.0	0.00019001676734036295	0.0	0.0	0.00030570366523993155	0.00023217069333513577	0.0	0.00012963248936438657	0.0003549861583224919	0.00012039471764677465	0.0	0.0	0.0
G	0.0	0.0004931608087675727	0.0012130001294940256	0.00030249292359262086	0.0	0.0	0.0	0.0009344305108257458	0.0008553574473656631	0.00033340995130864715	0.0002761014224053341	0.0002776415523368911	0.0003146712848910745	0.0005127334740467517	0.00108885167392242	0.000471268263201668	0.00024316370273859322	0.00048437626265919676	0.0005259927139769629	0.0	0.0003711703782867517	0.0005736472961560276	0.0006667274444766455	0.000135242904621407	0.0001679335545871311	0.00039502678247346946	0.00029458661937895275	0.0001852600433265195	0.00034590236099324304	0.00030095587524603645	0.00037026555203549305	0.0	0.0001356097532788496	0.00011447100345380825	0.00019566878709072598	0.00011034585636316159	0.00032355424106834794	0.0	9.500838367018148e-05	0.00012242302658439764	0.00040204214523157446	0.00015285183261996578	0.0	0.0	0.00025926497872877315	0.0	0.00012039471764677465	0.0003800002977032335	0.0	0.0003690822103059837
H	0.0	0.0	0.0003032500323735064	0.00030249292359262086	0.00036908683238573306	0.0	0.0	0.0003114768369419153	0.0	0.00033340995130864715	0.0	0.0	0.0003146712848910745	0.0005127334740467517	0.000272212918480605	0.0	0.0	0.00024218813132959838	0.0	0.0	0.00018558518914337584	0.00019121576538534254	0.00033336372223832274	0.0	0.0	0.0	0.0	0.0	0.0	0.0	0.0	0.0	0.0001356097532788496	0.00011447100345380825	0.00019566878709072598	0.0	0.00016177712053417397	0.00014264741852433013	0.0	0.0	0.0001340140484105248	0.0	0.0	0.00013207363289457986	0.0	0.00023665743888166127	0.00012039471764677465	0.0	0.0	0.0
I	0.0	0.0004931608087675727	0.0006065000647470128	0.0006049858471852417	0.0	0.00040321213701913905	0.001572804862054545	0.0006229536738838306	0.0	0.0	0.0002761014224053341	0.0008329246570106733	0.0003146712848910745	0.0002563667370233759	0.0	0.000235634131600834	0.00024316370273859322	0.00048437626265919676	0.0	0.00017448670340946892	0.0003711703782867517	0.00019121576538534254	0.00016668186111916137	0.0	0.0001679335545871311	0.0	0.00014729330968947638	0.000370520086653039	0.0	0.00015047793762301822	0.0	0.0	6.78048766394248e-05	0.0002289420069076165	0.00019566878709072598	0.00011034585636316159	0.00024266568080126094	0.0004279422555729904	0.0	0.0003672690797531929	0.0	0.00015285183261996578	0.00023217069333513577	0.00013207363289457986	0.0003888974680931597	0.00011832871944083064	0.00012039471764677465	0.00012666676590107785	0.0004080763712388865	0.0007381644206119674
K	0.0	0.0004931608087675727	0.0	0.0	0.0	0.001209636411057417	0.0007864024310272725	0.0003114768369419153	0.0005702382982437754	0.0013336398052345886	0.0011044056896213363	0.0016658493140213465	0.000629342569782149	0.0007691002110701276	0.000272212918480605	0.0007069023948025019	0.00048632740547718643	0.0009687525253183935	0.0003506618093179753	0.0005234601102284067	0.00018558518914337584	0.0003824315307706851	0.0005000455833574841	0.00040572871386422094	0.0	0.0005925401737102042	0.00029458661937895275	0.0005557801299795584	0.0005188535414898646	0.00030095587524603645	0.0001234218506784977	0.00010272677878706098	0.0002712195065576992	0.0002289420069076165	9.783439354536299e-05	0.00011034585636316159	0.00016177712053417397	0.0004279422555729904	0.00019001676734036295	0.0002448460531687953	0.0001340140484105248	0.0	0.00023217069333513577	0.00013207363289457986	0.0003888974680931597	0.0	0.00036118415294032394	0.0002533335318021557	0.0	0.00018454110515299184
L	0.0005728790971062451	0.0009863216175351455	0.0003032500323735064	0.0012099716943704834	0.0011072604971571992	0.0008064242740382781	0.00039320121551363627	0.0009344305108257458	0.0002851191491218877	0.0	0.0002761014224053341	0.0005552831046737822	0.000629342569782149	0.0010254669480935035	0.00054442583696121	0.000471268263201668	0.0009726548109543729	0.0007265643939887951	0.0003506618093179753	0.00034897340681893784	0.0003711703782867517	0.0007648630615413702	0.0	0.000270485809242814	0.0001679335545871311	0.00039502678247346946	0.00029458661937895275	0.000370520086653039	0.0006918047219864861	0.00045143381286905467	0.0001234218506784977	0.00020545355757412196	6.78048766394248e-05	0.0	0.00019566878709072598	0.00022069171272632318	8.088856026708699e-05	0.00014264741852433013	0.0002850251510105444	0.00012242302658439764	0.0002680280968210496	0.0006114073304798631	0.00011608534666756789	0.00026414726578915973	0.00025926497872877315	0.00023665743888166127	0.00012039471764677465	0.0002533335318021557	0.0004080763712388865	0.0005536233154589755
M	0.013749098330549884	0.0	0.0	0.0	0.0	0.0	0.0	0.0	0.0	0.0	0.0	0.0	0.0	0.0002563667370233759	0.000272212918480605	0.0	0.0	0.0	0.00017533090465898766	0.0	0.0	0.0	0.0	0.0	0.0	0.0	0.00014729330968947638	0.0	0.00017295118049662152	0.00015047793762301822	0.0002468437013569954	0.0	6.78048766394248e-05	0.0	0.0	0.0	0.0	0.00014264741852433013	0.0	0.0	0.0	0.0	0.0	0.0	0.00012963248936438657	0.0	0.0	0.00012666676590107785	0.00027205091415925765	0.0
N	0.0	0.0009863216175351455	0.0003032500323735064	0.00030249292359262086	0.0007381736647714661	0.001209636411057417	0.0	0.0	0.0005702382982437754	0.0013336398052345886	0.0002761014224053341	0.0002776415523368911	0.000629342569782149	0.0	0.0	0.000471268263201668	0.0	0.00048437626265919676	0.00017533090465898766	0.00034897340681893784	0.0003711703782867517	0.00019121576538534254	0.0005000455833574841	0.000270485809242814	0.0003358671091742622	0.0005925401737102042	0.00044187992906842907	0.000370520086653039	0.0	0.00015047793762301822	0.00037026555203549305	0.00010272677878706098	6.78048766394248e-05	0.0	9.783439354536299e-05	0.0005517292818158079	8.088856026708699e-05	0.00014264741852433013	0.0	0.0002448460531687953	0.0002680280968210496	0.0	0.00046434138667027154	0.0003962208986837396	0.0005185299574575463	0.00023665743888166127	0.0	0.0	0.00027205091415925765	0.0003690822103059837
P	0.0	0.0004931608087675727	0.0006065000647470128	0.00030249292359262086	0.0	0.0008064242740382781	0.00039320121551363627	0.0	0.0002851191491218877	0.0006668199026172943	0.0	0.0002776415523368911	0.0003146712848910745	0.0	0.0	0.0	0.00024316370273859322	0.0	0.00017533090465898766	0.0	0.0	0.00019121576538534254	0.00016668186111916137	0.0	0.0	0.0005925401737102042	0.0	0.000370520086653039	0.0	0.0	0.0001234218506784977	0.00010272677878706098	0.00020341462991827443	0.0002289420069076165	0.00019566878709072598	0.00011034585636316159	8.088856026708699e-05	0.0	0.0003800335346807259	0.0	0.0	0.00015285183261996578	0.00023217069333513577	0.00013207363289457986	0.0	0.0	0.0	0.00012666676590107785	0.0	0.00018454110515299184
Q	0.0	0.0	0.0009097500971205193	0.00030249292359262086	0.00036908683238573306	0.00040321213701913905	0.00039320121551363627	0.0009344305108257458	0.0002851191491218877	0.0	0.0008283042672160021	0.0002776415523368911	0.0003146712848910745	0.0002563667370233759	0.0	0.000235634131600834	0.00048632740547718643	0.0	0.00017533090465898766	0.0	0.0007423407565735034	0.00019121576538534254	0.00016668186111916137	0.00040572871386422094	0.0001679335545871311	0.00019751339123673473	0.00014729330968947638	0.000370520086653039	0.0	0.00015047793762301822	0.0	0.00020545355757412196	0.0001356097532788496	0.00011447100345380825	0.0	0.00022069171272632318	8.088856026708699e-05	0.0	0.00019001676734036295	0.0002448460531687953	0.0002680280968210496	0.00015285183261996578	0.00011608534666756789	0.0003962208986837396	0.00012963248936438657	0.0	0.0	0.00012666676590107785	0.0	0.0
R	0.0	0.0	0.0	0.0	0.0007381736647714661	0.001209636411057417	0.0007864024310272725	0.0	0.0011404765964875508	0.0006668199026172943	0.0002761014224053341	0.0	0.000629342569782149	0.0002563667370233759	0.00054442583696121	0.0	0.0009726548109543729	0.00024218813132959838	0.0003506618093179753	0.00034897340681893784	0.00018558518914337584	0.00019121576538534254	0.00033336372223832274	0.0	0.0	0.00039502678247346946	0.00044187992906842907	0.000370520086653039	0.0	0.0	0.00037026555203549305	0.00020545355757412196	6.78048766394248e-05	0.00011447100345380825	9.783439354536299e-05	0.0	8.088856026708699e-05	0.00028529483704866027	0.0	0.0	0.0	0.00015285183261996578	0.00011608534666756789	0.0	0.00012963248936438657	0.00011832871944083064	0.0	0.00012666676590107785	0.00013602545707962883	0.0
S	0.0	0.0049316080876757274	0.0006065000647470128	0.0012099716943704834	0.0014763473295429323	0.0	0.0007864024310272725	0.0012459073477676611	0.0017107148947313263	0.0	0.0008283042672160021	0.0008329246570106733	0.0009440138546732235	0.0002563667370233759	0.000272212918480605	0.000471268263201668	0.0009726548109543729	0.0007265643939887951	0.0008766545232949383	0.0012214069238662825	0.00018558518914337584	0.0009560788269267127	0.00033336372223832274	0.000676214523107035	0.0006717342183485244	0.00019751339123673473	0.0	0.0	0.0005188535414898646	0.0007523896881150912	0.0002468437013569954	0.00030818033636118296	6.78048766394248e-05	0.0003434130103614247	9.783439354536299e-05	0.00022069171272632318	0.00040444280133543494	0.00014264741852433013	0.0	0.0006121151329219883	0.0005360561936420992	0.0004585554978598973	0.00046434138667027154	0.00013207363289457986	0.00025926497872877315	0.00047331487776332255	0.00012039471764677465	0.0003800002977032335	0.00027205091415925765	0.0007381644206119674
T	0.0	0.0004931608087675727	0.0006065000647470128	0.0006049858471852417	0.0	0.00040321213701913905	0.0007864024310272725	0.0006229536738838306	0.0002851191491218877	0.0006668199026172943	0.0005522028448106682	0.0008329246570106733	0.0	0.0005127334740467517	0.0	0.0007069023948025019	0.0	0.00024218813132959838	0.00017533090465898766	0.00034897340681893784	0.0003711703782867517	0.0003824315307706851	0.0	0.0	0.0	0.00019751339123673473	0.00029458661937895275	0.000370520086653039	0.00034590236099324304	0.00015047793762301822	0.00037026555203549305	0.00010272677878706098	6.78048766394248e-05	0.00011447100345380825	9.783439354536299e-05	0.0	8.088856026708699e-05	0.0	9.500838367018148e-05	0.00012242302658439764	0.0001340140484105248	0.0004585554978598973	0.00011608534666756789	0.00013207363289457986	0.00012963248936438657	0.0003549861583224919	0.0004815788705870986	0.0002533335318021557	0.00027205091415925765	0.0003690822103059837
V	0.0	0.0	0.0006065000647470128	0.00030249292359262086	0.0018454341619286653	0.001209636411057417	0.0007864024310272725	0.0003114768369419153	0.0	0.00033340995130864715	0.0005522028448106682	0.0002776415523368911	0.0009440138546732235	0.0005127334740467517	0.000272212918480605	0.000235634131600834	0.00048632740547718643	0.00048437626265919676	0.00017533090465898766	0.00017448670340946892	0.0	0.00019121576538534254	0.00033336372223832274	0.000270485809242814	0.0003358671091742622	0.00019751339123673473	0.0	0.0001852600433265195	0.0005188535414898646	0.00015047793762301822	0.0	0.00010272677878706098	0.0	0.00011447100345380825	0.00019566878709072598	0.00044138342545264637	0.0	0.00028529483704866027	0.0	0.0003672690797531929	0.0001340140484105248	0.00015285183261996578	0.00011608534666756789	0.00013207363289457986	0.00025926497872877315	0.00011832871944083064	0.00036118415294032394	0.0	0.00013602545707962883	0.00018454110515299184
W	0.0	0.0	0.0	0.0	0.0007381736647714661	0.00040321213701913905	0.0	0.0	0.0	0.0	0.0002761014224053341	0.0	0.0	0.0	0.000272212918480605	0.000235634131600834	0.00024316370273859322	0.0	0.00017533090465898766	0.0	0.0	0.0	0.0	0.0	0.0	0.0	0.0	0.0	0.0	0.0	0.0	0.0	0.0	0.0	0.0	0.0	0.0	0.0	0.0	0.00012242302658439764	0.0	0.0	0.0	0.0	0.0	0.0	0.0	0.00012666676590107785	0.0	0.0
Y	0.0	0.0	0.0	0.00030249292359262086	0.00036908683238573306	0.00040321213701913905	0.00039320121551363627	0.0003114768369419153	0.0008553574473656631	0.0010002298539259413	0.0002761014224053341	0.0	0.0003146712848910745	0.0002563667370233759	0.00054442583696121	0.000235634131600834	0.0	0.0	0.0	0.00017448670340946892	0.00018558518914337584	0.0	0.00016668186111916137	0.000135242904621407	0.0001679335545871311	0.0	0.00029458661937895275	0.0	0.00017295118049662152	0.0	0.0	0.00020545355757412196	6.78048766394248e-05	0.0002289420069076165	0.0	0.0	0.0	0.0	0.00019001676734036295	0.0	0.0001340140484105248	0.0	0.0	0.0003962208986837396	0.0	0.00011832871944083064	0.0	0.0	0.00027205091415925765	0.0003690822103059837
