0.8044246365670521
0.986970331657269
0.7795919810234192
0.9062607724799542
0.948600415981219
1.023929290986047
1.0179073691331586
0.9317977346622079
0.9283125890371051
0.948192734767062
0.9159959055182482
1.0064503336959805
0.9724872958290487
1.0588246765160516
0.8946202668742314
0.8773508942998784
0.8668609757047344
0.8042539748551107
0.9110888694135062
0.8592202400407412
1.022738826980787
1.0373780381005584
1.0481507322281556
1.0145516420637757
1.2308763038316497
1.105372599151033
0.9693668370387958
1.012633443842022
1.0728634642817385
0.9405641110997666
1.0576426634160467
1.0405901705203326
1.16899359090514
1.1776635277389238
1.1114431658912969
1.2164310118105752
1.2040882080316109
1.029327586155742
1.0902716414535378
1.1457746822829273
1.1480205380706585
1.2877758728060336
0.9925928553339963
0.8711135804804542
1.0192787292940204
1.10816785906462
0.9547727385410782
0.9146468614502331
1.033096179129974
0.8988906227273105
