0.7847165942543777
0.9739042066809523
0.7936145216992729
0.7602189081176367
0.9080545447640489
0.8523949014188412
0.9142180540657514
0.8748172286573541
1.014639109263198
0.9142192216633384
0.8862628257861181
0.7475296994970568
0.8695279841098645
0.9653099685362972
0.8860828331930942
0.9411135411743982
0.8518518737696028
0.8395048072716067
0.8284008799144598
0.8256914347510372
0.8500526792699986
0.8292084192229646
0.7579602386532402
0.7590657637505892
0.7148989409614104
0.7406613919257637
0.7862886361409916
0.8807609696538544
0.9722201058994785
0.9337685350272494
0.8652645872138668
0.7847571895031654
0.8293006709668531
0.7821161842751625
0.8758833162911849
0.9084243836782028
0.8721022665267012
0.8833637674944755
0.8457272387220169
0.6997319493988784
0.7347906614394941
0.7539237957234961
0.7084564449756058
0.739513956164454
0.7464635537619335
0.7400152352175465
0.7601619871194972
0.7893574035368774
0.760403760930736
0.78554893117275
