0.8854929546758727
0.8945032688869061
0.8674502674711566
0.9392889909213203
0.7996281504322917
0.7502787332197878
0.8724710057192562
0.7906776491094505
0.7028220948251643
0.835489401789303
0.9430882442212418
0.838519479791381
0.8992112886630864
1.062045360506072
1.0598093492800391
0.9963340456146519
0.8252355596416774
0.7598088449276355
0.8812588098596081
0.8292788874331725
0.9372945578325265
1.027192516237413
1.1239402630576119
1.0200393777288035
1.1442516921376138
1.0295512470231731
1.244517205569824
1.1960736532632505
1.1470042855500409
1.0270024162894853
1.1215436366475426
0.996008405301615
0.9424445377875941
0.956918844736747
0.9536443957119308
1.020004654644276
1.0671402341469078
1.0477917779925066
1.2250970274103827
1.236357369448575
1.1415771675817905
1.2828539407565678
1.2109430533073215
1.3046148006736242
1.248642840429365
1.2000817514397901
1.2747465290665814
1.4299266703029354
1.5405219469041158
1.4805322455123295
