0.896431602733968
1.1356084645652693
1.0349212828965857
1.2388962366002298
1.2911639458294955
1.3097883029362205
1.212165103444477
1.2133967853082024
1.2320202540768979
1.2073125808776766
1.2450389998857787
1.1056347155826585
1.231946423155531
1.3750433606802235
1.141672546065688
1.2570783603496345
1.1066783149490214
1.1045928144387398
1.1282079347981298
1.175964912159193
1.183842413967153
1.1163912888125715
1.3201125741643143
1.2464000647956768
1.1609198647844081
1.1299254479534033
1.1830560155972034
1.3761303299561587
1.2288669774815526
1.2756035773342067
1.3030317391449995
1.461937106834263
1.4477205895558973
1.4789046740317193
1.2720059487826718
1.2177378889277508
1.528166926218208
1.4302203864505496
1.211172856561911
1.4448845053131139
1.466794510819616
1.4646606196109802
1.4228615736330534
1.4172535153751873
1.379798764467041
1.4744293977142888
1.308434302414918
1.28278276837539
1.2253262755699792
1.2473887653369735
