1.318770302586082
0.748679789375547
0.9055071482990464
0.9405657579126682
1.2558405220315514
1.269136655140895
0.9684533692619606
1.3379077580314687
1.078864023027832
1.0112253295685463
0.9966782795102779
1.050270636879209
0.799035987178619
0.8578230337094831
0.9518392176105536
0.7851043453787085
0.9445258230457192
0.7641134126553308
0.7976197677995982
0.688687209843088
0.50611440844966
0.9052046149597716
0.9967255514700452
0.9427523676406209
0.6407295208742091
1.225845529122975
1.1683218649114278
1.0076472763623825
0.790352821643907
1.076564236552013
1.0170561941553768
0.8766937565565704
1.059058073147139
1.0728136671726392
1.1027124613822434
0.8725710974672802
1.523847259579085
1.0378302729922595
1.194222262986759
1.0229031341870432
1.1621911217833092
1.2269076290800776
1.4670435641722153
1.0676188416073868
1.2756941473659626
1.1518110339395506
1.5154525107614378
1.0871519308571105
1.3180263149370908
1.7847230266734135
