0.75363959871678
0.9422190364200101
1.237624920125919
1.3246448008718996
1.4473454159426629
1.3746017209588708
1.5432184064787826
1.636790433104865
1.9487523730987768
2.1467505037745207
2.1073548940968565
1.93521271684714
2.1222041378538647
2.143867193411785
2.2423175242331035
1.8539514879664385
2.0140292755837086
2.183963192102953
1.8839739281402565
2.0142636371112306
2.1978454961193723
1.9683795625362488
1.9765939644008548
2.064214991572169
1.8231351598752377
1.6597912884169452
1.8243143116134208
1.663181522996574
1.5194727680907434
1.224123669899464
1.295889544717724
1.1397584289483091
1.188334149633193
1.4156425143297877
1.3436672077542835
1.1844391466301432
1.237353009511487
1.2179598889275456
1.1848690769794308
1.3678352778419367
1.4454826973702735
0.8980975975248766
1.4162156026711294
1.4518836713275014
1.5551468640061328
1.195577409595414
1.4604409380149006
1.2029164980435267
1.5916105222474173
1.2501755353989397
