1.2343677913043396
1.4353364792941774
1.269185601022151
1.5342433384059455
1.5634745831840786
1.7093339081748908
1.759329355803811
2.527736809916886
1.961197932024537
1.8081445302581267
2.1559376389112797
2.1097963647132887
1.9910637355177958
2.437516660711684
2.347725633440682
1.7858648933744488
2.1156532294327524
2.5437196262866406
2.641359537202797
2.738369817894447
2.245186599885488
2.3820122331621514
2.650671348444146
2.4668870590116563
2.6073998300575867
2.5112848204510927
2.7340357948354397
2.6470013333702127
2.345058586295323
2.2262083105904673
2.8971489265798445
2.2462596694429906
1.9044455088039145
2.441865762470499
2.5885819614434658
2.074286763485886
2.5529451782673656
2.9489936731151194
2.8705132746371427
2.28150716489032
2.5865316544649213
1.9537054256952247
2.3771955698720535
2.691478283952591
2.5908538745068115
3.4207121186018856
2.2719093911427546
2.978899125937327
3.034414569332979
2.4753433548922614
