0.7777856313943301
0.9747068005966458
1.2332538177367913
1.5068355616412117
1.5340906807648405
1.775988600004316
1.7833090596957806
1.861256325410141
2.0158143479308035
2.0271549071813104
2.032407688925805
2.2475954316778877
2.4406634957997
2.432164774698221
2.179503791941572
2.190718012949661
1.9949868455471704
1.975070878078482
2.2513559037146478
2.268214394222041
2.1038856715519376
1.884742504419903
1.9248081848123717
1.7634600555157756
1.7134629898767435
1.7029733124487594
1.434120143900599
1.4965414469168066
1.6125825848896331
1.4624383023999985
1.3428422454394058
1.391444307911999
1.229531352721021
1.052105052183884
1.3042454947992939
1.5169239571174158
1.1076206095648315
1.3014855564566263
1.100963537012369
1.0163949439213826
1.1922188618035146
1.3473270226882528
0.9140585499920678
0.8909262237363667
1.080235621825188
1.030016552868495
1.1103769773762306
1.1111179685785588
0.9353017527338977
0.7415423620656593
