A	0.00041023244195566744	0.00018848322998757798	0.00041382690495074634	0.0004348801182102579	0.00015326699217891294	0.00035512250606540733	0.0002550035326926145	0.00013419903454390427	0.0002700232235904518	5.515584440042875e-05	0.00016861790024686073	0.0002907277478354192	0.00010692561589011102	0.00013973294025542104	0.0001834898269133411	0.0002941561670257834	0.00012060717179034984	0.0001349609379875045	0.00037579828118291587	0.0002187567899328789	0.0002309591076893828	0.00014580649742249692	0.00019260966155365027	0.00016555326905009918	0.00011804414983268921	0.00012025850130073103	0.00016945022440374434	0.00010615677905751603	0.0001359841477650783	0.00034668982969206593	0.00012548198446738355	8.066067230538847e-05	5.757884949725611e-05	0.00010042461452529717	0.00023803353725453634	0.0001551870457709226	0.00012972302056856624	0.00011203481770276577	5.560442454594831e-05	0.00011095116967227509	0.0002059817031031784	0.0001784054433237275	0.00012174886319285731	6.420389817909671e-05	0.00012623865809851026	0.00011886197699377398	0.0001296594202355387	3.103952841430501e-05	0.00012806835103720392	0.00012011907618459544
C	0.0003076743314667506	0.0	0.00016553076198029854	0.0	0.0	7.102450121308147e-05	0.00012750176634630724	6.709951727195214e-05	0.0	0.0001103116888008575	0.00011241193349790715	0.0	0.0	0.0	4.587245672833528e-05	4.2022309575111916e-05	0.0	0.0	8.351072915175908e-05	8.750271597315156e-05	0.0001385754646136297	3.645162435562423e-05	7.704386462146011e-05	8.277663452504959e-05	3.934804994422973e-05	0.0001603446684009747	6.778008976149773e-05	3.5385593019172004e-05	6.799207388253915e-05	3.4668982969206595e-05	9.411148835053767e-05	2.6886890768462823e-05	0.0	0.0	8.926257647045114e-05	5.17290152569742e-05	0.0	5.601740885138289e-05	2.7802212272974154e-05	5.5475584836137546e-05	0.0	0.0	0.0	3.2101949089548356e-05	6.311932904925513e-05	2.9715494248443495e-05	2.5931884047107745e-05	6.207905682861001e-05	0.0	9.008930713844658e-05
D	0.0007179067734224179	0.0009424161499378899	0.0003310615239605971	0.0004348801182102579	0.0006897014648051083	0.0004261470072784889	0.00019125264951946086	0.0006709951727195214	0.0006480557366170843	0.00044124675520343	0.0006182656342384893	0.00034887329740250305	0.00037423965561538854	0.00018631058700722803	0.00041285211055501757	0.00012606692872533574	0.00028141673417748296	0.0004948567726208498	0.00016702145830351815	0.00030625950590603047	0.0004157263938408891	0.00014580649742249692	0.0002696535261751104	0.00020694158631262398	0.000590220749163446	0.0002806031697017057	0.00016945022440374434	7.077118603834401e-05	0.00016998018470634787	0.00013867593187682638	0.0002195934728179212	0.0001344344538423141	0.00028789424748628057	0.00023432410055902668	0.0001487709607840852	0.0002069160610278968	0.00012972302056856624	0.00019606093097984008	2.7802212272974154e-05	0.00016642675450841265	0.00018309484720282525	5.946848110790916e-05	0.00015218607899107164	0.00019261169453729012	0.00012623865809851026	0.00026743944823599147	0.0001296594202355387	0.00021727669890013506	0.00025613670207440785	0.00021020838332304199
E	0.0007179067734224179	0.0007539329199503119	0.0007448884289113435	0.0008697602364205158	0.00045980097653673885	0.0004971715084915703	0.0005737579485583826	0.0006709951727195214	0.0005940510918989939	0.00027577922200214375	0.0002248238669958143	0.0005814554956708384	0.00037423965561538854	0.00032604352726264905	0.0004587245672833528	0.0002941561670257834	0.00044222629656461606	0.000269921875975009	0.00025053218745527725	0.00030625950590603047	0.0002771509292272594	0.00018225812177812115	0.00038521932310730053	0.00028971822083767357	0.00023608829966537842	0.00040086167100243674	0.00027112035904599093	0.00017692796509586	0.0002719682955301566	0.00041602779563047916	0.0002195934728179212	0.00018820823537923974	0.00031668367223490864	0.0004016984581011887	0.00023803353725453634	0.000258645076284871	0.000207556832909706	0.00019606093097984008	0.0002502199104567674	0.00024964013176261897	6.866056770105947e-05	0.00011893696221581832	0.00018262329478928598	0.00022471364362683846	0.0001893579871477654	0.00026743944823599147	0.00020745507237686196	0.0002793557557287451	0.00019210252655580591	0.00018017861427689315
F	0.0006153486629335012	0.000565449689962734	0.00024829614297044783	0.0002899200788068386	0.00038316748044728234	0.0005681960097046518	0.00019125264951946086	0.00013419903454390427	0.00016201393415427108	0.00033093506640257254	0.0002248238669958143	0.00011629109913416767	0.00016038842383516653	0.00018631058700722803	0.0002293622836416764	0.0002521338574506715	4.020239059678328e-05	8.997395865833632e-05	0.00012526609372763862	0.00013125407395972734	0.0002309591076893828	0.00018225812177812115	0.0	0.0	0.00015739219977691893	0.00012025850130073103	0.00016945022440374434	0.00014154237207668802	0.00010198811082380872	0.00024268288078444614	9.411148835053767e-05	5.3773781536925645e-05	0.00014394712374314028	0.00023432410055902668	2.9754192156817042e-05	2.58645076284871e-05	0.00012972302056856624	5.601740885138289e-05	5.560442454594831e-05	0.00024964013176261897	4.577371180070631e-05	0.00014867120276977288	3.0437215798214327e-05	9.630584726864506e-05	3.1559664524627566e-05	2.9715494248443495e-05	0.0001296594202355387	0.00012415811365722003	0.0001600854387965049	3.002976904614886e-05
G	0.0003076743314667506	0.0006596913049565228	0.00024829614297044783	0.00021744005910512895	0.00038316748044728234	0.0002840980048523259	0.00031875441586576807	0.00020129855181585642	0.00021601857887236143	0.00038609091080300123	0.00011241193349790715	0.00034887329740250305	0.00021385123178022203	9.315529350361402e-05	0.0001834898269133411	0.0002521338574506715	0.00020101195298391638	0.0001349609379875045	0.00012526609372763862	0.0002625081479194547	0.0001385754646136297	0.00018225812177812115	0.00015408772924292022	8.277663452504959e-05	3.934804994422973e-05	8.017233420048736e-05	0.0002033402692844932	0.00010615677905751603	0.0001359841477650783	0.00010400694890761979	0.00015685248058422944	0.00018820823537923974	0.00014394712374314028	0.00020084922905059434	5.9508384313634085e-05	0.0001551870457709226	0.00015566762468227952	0.00011203481770276577	8.340663681892247e-05	8.321337725420633e-05	6.866056770105947e-05	0.00026760816498559123	0.00015218607899107164	0.00016050974544774176	6.311932904925513e-05	8.914648274533049e-05	0.00010372753618843098	0.00018623717048583006	0.00012806835103720392	0.00018017861427689315
H	0.00010255811048891686	9.424161499378899e-05	0.00041382690495074634	7.248001970170965e-05	0.00038316748044728234	0.00035512250606540733	6.375088317315362e-05	0.00026839806908780854	0.00010800928943618071	0.00016546753320128627	0.00011241193349790715	0.00011629109913416767	0.00010692561589011102	9.315529350361402e-05	9.174491345667055e-05	4.2022309575111916e-05	0.00020101195298391638	0.0001349609379875045	8.351072915175908e-05	4.375135798657578e-05	0.0	3.645162435562423e-05	0.0	8.277663452504959e-05	7.869609988845946e-05	8.017233420048736e-05	0.0001016701346422466	0.00014154237207668802	0.00010198811082380872	6.933796593841319e-05	0.0	2.6886890768462823e-05	8.636827424588418e-05	0.00010042461452529717	8.926257647045114e-05	0.0001293225381424355	2.594460411371325e-05	2.8008704425691443e-05	5.560442454594831e-05	2.7737792418068773e-05	9.154742360141262e-05	0.0	6.0874431596428654e-05	9.630584726864506e-05	3.1559664524627566e-05	0.00011886197699377398	0.0	6.207905682861001e-05	9.605126327790296e-05	0.00012011907618459544
I	0.0005127905524445843	0.00037696645997515595	0.00041382690495074634	0.0002899200788068386	0.00022990048826836943	0.0006392205109177333	0.0003825052990389217	0.00046969662090366493	0.00021601857887236143	0.00038609091080300123	0.000393441767242675	0.0002907277478354192	0.00042770246356044406	0.00032604352726264905	0.0001834898269133411	0.00021011154787555956	0.00020101195298391638	0.000269921875975009	0.00025053218745527725	8.750271597315156e-05	0.00018476728615150626	0.00014580649742249692	0.00030817545848584044	0.00033110653810019836	0.00019674024972114867	0.0001603446684009747	0.0002033402692844932	0.00014154237207668802	0.00010198811082380872	0.00020801389781523958	0.0002195934728179212	0.0003226426892215539	0.00011515769899451222	0.00020084922905059434	0.0001487709607840852	0.0001551870457709226	2.594460411371325e-05	0.00019606093097984008	0.00013901106136487076	0.00011095116967227509	9.154742360141262e-05	0.00020813968387768206	0.00021306051058750028	0.00016050974544774176	0.00025247731619702053	0.00017829296549066098	0.00015559130428264648	0.00031039528414305006	0.00022411961431510687	6.005953809229772e-05
K	0.0012306973258670024	0.0012251409949192568	0.0009931845718817913	0.0009422402561222254	0.0006130679687156518	0.0004261470072784889	0.0003825052990389217	0.0006038956554475693	0.00048604180246281326	0.000220623377601715	0.0004496477339916286	0.0005814554956708384	0.00032077684767033306	0.00032604352726264905	0.0005045970240116881	0.00016808923830044766	0.00028141673417748296	0.0005848307312791861	0.00037579828118291587	0.00030625950590603047	0.0004619182153787656	0.00029161299484499383	0.0002696535261751104	0.00020694158631262398	0.00023608829966537842	0.0002806031697017057	0.00023723031416524206	0.00035385593019172	6.799207388253915e-05	0.00020801389781523958	0.00012548198446738355	0.00021509512614770258	0.0003454730969835367	0.0002677989720674591	0.00026778772941135344	0.0002327805686563839	0.00015566762468227952	0.00022406963540553155	0.0003058243350027157	0.0002773779241806877	0.0002059817031031784	0.000356810886647455	0.0003043721579821433	0.00016050974544774176	0.00022091765167239297	0.00029715494248443495	0.0002593188404710774	0.00015519764207152503	0.0003521879653523108	0.00024023815236919087
L	0.0007179067734224179	0.000565449689962734	0.0007448884289113435	0.00036240009850854824	0.0008429684569840212	0.0006392205109177333	0.0007650105980778434	0.00046969662090366493	0.0007020603813351746	0.0005515584440042875	0.0005620596674895357	0.00040701884696958684	0.00042770246356044406	0.0004657764675180701	0.0003669796538266822	0.0002521338574506715	0.00028141673417748296	0.0003598958346333453	0.0003340429166070363	0.00030625950590603047	0.0004157263938408891	0.00029161299484499383	0.00034669739079657054	0.0004552714898877728	0.00027543634960960813	0.0005211201723031677	0.00023723031416524206	0.00021231355811503205	0.00033996036941269574	0.00027735186375365276	0.0002509639689347671	0.0001344344538423141	0.00011515769899451222	0.00010042461452529717	0.00011901676862726817	0.0001551870457709226	0.000518892082274265	0.00022406963540553155	0.00013901106136487076	0.00013868896209034385	6.866056770105947e-05	0.00026760816498559123	0.00036524658957857195	0.0003210194908954835	0.00034715630977090326	0.00026743944823599147	0.00015559130428264648	0.00021727669890013506	6.403417551860196e-05	0.0004504465356922329
M	0.00010255811048891686	0.00018848322998757798	0.00016553076198029854	0.0001449600394034193	0.00015326699217891294	7.102450121308147e-05	6.375088317315362e-05	0.0	0.00021601857887236143	0.00016546753320128627	5.6205966748953576e-05	0.0002907277478354192	0.00010692561589011102	0.0	0.0001834898269133411	8.404461915022383e-05	8.040478119356657e-05	0.00017994791731667264	0.00012526609372763862	0.00013125407395972734	0.0	0.0	0.00019260966155365027	4.1388317262524795e-05	0.0	0.00012025850130073103	6.778008976149773e-05	0.00010615677905751603	0.0	3.4668982969206595e-05	6.274099223369177e-05	5.3773781536925645e-05	8.636827424588418e-05	3.347487150843239e-05	2.9754192156817042e-05	7.75935228854613e-05	5.18892082274265e-05	2.8008704425691443e-05	0.00016681327363784494	8.321337725420633e-05	4.577371180070631e-05	2.973424055395458e-05	9.131164739464299e-05	9.630584726864506e-05	3.1559664524627566e-05	5.943098849688699e-05	7.779565214132324e-05	0.0	3.201708775930098e-05	3.002976904614886e-05
N	0.0007179067734224179	0.0007539329199503119	0.00016553076198029854	0.0005073601379119675	0.00038316748044728234	0.0002840980048523259	0.0003825052990389217	0.00040259710363171284	0.0002700232235904518	0.00033093506640257254	0.0005620596674895357	0.00034887329740250305	0.00037423965561538854	0.00032604352726264905	0.0005045970240116881	0.00016808923830044766	0.00012060717179034984	0.000269921875975009	0.00012526609372763862	0.0002187567899328789	0.0004619182153787656	0.00029161299484499383	0.00019260966155365027	0.0004552714898877728	0.00039348049944229734	0.0002806031697017057	0.00016945022440374434	0.00038924152321089206	0.00020397622164761744	0.00020801389781523958	0.000282334465051613	0.00016132134461077695	0.00020152597324039637	0.00020084922905059434	0.00032729611372498747	0.0001293225381424355	0.00012972302056856624	0.000252078339831223	0.0003058243350027157	0.00013868896209034385	0.00011443427950176576	0.00014867120276977288	9.131164739464299e-05	0.00016050974544774176	0.00044183530334478594	0.00023772395398754796	0.00028525072451818516	0.00015519764207152503	0.0003201708775930098	9.008930713844658e-05
P	0.00010255811048891686	0.0	0.00016553076198029854	0.0002899200788068386	0.00022990048826836943	0.00014204900242616294	0.00031875441586576807	0.00040259710363171284	0.0	0.000220623377601715	0.00011241193349790715	0.00017443664870125152	0.00037423965561538854	0.00018631058700722803	0.00013761737018500584	0.0002941561670257834	8.040478119356657e-05	4.498697932916816e-05	0.00020877682287939766	0.00013125407395972734	0.00018476728615150626	7.290324871124846e-05	0.00015408772924292022	0.00020694158631262398	0.00011804414983268921	4.008616710024368e-05	0.00016945022440374434	7.077118603834401e-05	6.799207388253915e-05	0.00013867593187682638	0.0002195934728179212	2.6886890768462823e-05	0.00014394712374314028	6.694974301686478e-05	0.0001487709607840852	0.0002069160610278968	5.18892082274265e-05	5.601740885138289e-05	0.00013901106136487076	2.7737792418068773e-05	9.154742360141262e-05	0.0001784054433237275	3.0437215798214327e-05	0.00012840779635819342	0.0001893579871477654	0.00020800845973910446	7.779565214132324e-05	0.00012415811365722003	0.0001600854387965049	6.005953809229772e-05
Q	0.00020511622097783372	0.00018848322998757798	0.00016553076198029854	0.0004348801182102579	0.0003065339843578259	0.00035512250606540733	0.00012750176634630724	0.00026839806908780854	0.00016201393415427108	0.00033093506640257254	0.000393441767242675	0.0	0.00016038842383516653	0.00018631058700722803	0.00013761737018500584	0.0002941561670257834	0.00016080956238713313	0.0	0.00012526609372763862	0.0002187567899328789	0.0002771509292272594	0.00018225812177812115	0.00023113159386438034	4.1388317262524795e-05	7.869609988845946e-05	0.00024051700260146206	0.00016945022440374434	0.00017692796509586	0.000237972258588887	6.933796593841319e-05	0.00015685248058422944	5.3773781536925645e-05	2.8789424748628056e-05	6.694974301686478e-05	8.926257647045114e-05	7.75935228854613e-05	0.0	0.0001400435221284572	0.00011120884909189662	0.00011095116967227509	0.00013732113540211894	8.920272166186375e-05	0.00012174886319285731	0.00012840779635819342	0.00012623865809851026	0.00017829296549066098	7.779565214132324e-05	0.00021727669890013506	0.00012806835103720392	0.0001501488452307443
R	0.0003076743314667506	0.00037696645997515595	0.0003310615239605971	0.00036240009850854824	0.00045980097653673885	0.0004971715084915703	0.00031875441586576807	0.00046969662090366493	0.00021601857887236143	0.0001103116888008575	0.000393441767242675	0.00040701884696958684	0.00026731403972527753	0.0002794658805108421	0.00013761737018500584	0.0002521338574506715	0.00016080956238713313	0.0003598958346333453	0.00029228755203115675	0.00035001086389260626	0.0002771509292272594	0.00029161299484499383	0.00015408772924292022	0.00016555326905009918	0.00015739219977691893	4.008616710024368e-05	0.0001016701346422466	0.00021231355811503205	0.00016998018470634787	3.4668982969206595e-05	0.00018822297670107534	8.066067230538847e-05	2.8789424748628056e-05	0.00010042461452529717	8.926257647045114e-05	2.58645076284871e-05	7.783381234113976e-05	0.00011203481770276577	5.560442454594831e-05	8.321337725420633e-05	0.00011443427950176576	0.00011893696221581832	6.0874431596428654e-05	0.00016050974544774176	0.00012623865809851026	2.9715494248443495e-05	7.779565214132324e-05	0.00018623717048583006	0.00012806835103720392	9.008930713844658e-05
S	0.0008204648839113349	0.0006596913049565228	0.0009931845718817913	0.0007972802167188061	0.0007663349608945647	0.0004971715084915703	0.0007012597149046898	0.00046969662090366493	0.0002700232235904518	0.00038609091080300123	0.0005058537007405822	0.0007558921443720899	0.00042770246356044406	0.0006055094077734911	0.0001834898269133411	0.0004202230957511191	0.00048242868716139937	0.00040488281396251346	0.0004175536457587953	0.00035001086389260626	0.0001385754646136297	0.000473871116623115	0.00034669739079657054	0.0005794364416753471	0.00047217659933075683	0.0003607755039021931	0.00027112035904599093	0.0005307838952875801	0.0003059643324714262	0.0003813588126612725	0.00040781644951899654	0.00043019025229540516	0.0002591048227376525	0.0003682235865927563	0.00032729611372498747	0.0002069160610278968	0.0003372798534782723	0.00039212186195968017	0.00038923097182163815	0.0003051157165987565	0.0003661896944056505	0.00020813968387768206	0.0003348093737803576	0.00038522338907458025	0.00034715630977090326	0.00014857747124221747	0.0002593188404710774	0.00021727669890013506	0.00025613670207440785	0.00042041676664608397
T	0.00041023244195566744	0.0007539329199503119	0.0	7.248001970170965e-05	0.0006130679687156518	0.00021307350363924444	0.00031875441586576807	0.0005367961381756171	0.00032402786830854215	0.00033093506640257254	0.0	0.00017443664870125152	0.00026731403972527753	0.00018631058700722803	0.0001834898269133411	0.0004622454053262311	0.00032161912477426626	0.000269921875975009	0.00025053218745527725	0.00030625950590603047	0.0001385754646136297	0.00014580649742249692	0.00011556579693219017	0.0002483299035751488	0.0003541324494980676	8.017233420048736e-05	0.00023723031416524206	7.077118603834401e-05	0.0002719682955301566	0.00013867593187682638	6.274099223369177e-05	0.00021509512614770258	0.00011515769899451222	0.00013389948603372955	0.0002082793450977193	7.75935228854613e-05	0.00015566762468227952	0.00016805222655414867	0.00022241769818379323	0.00022190233934455019	9.154742360141262e-05	0.0001784054433237275	0.00012174886319285731	0.00019261169453729012	0.00015779832262313782	0.00011886197699377398	0.00010372753618843098	0.00018623717048583006	0.00019210252655580591	0.00018017861427689315
V	0.0006153486629335012	0.00037696645997515595	0.0008276538099014927	0.00021744005910512895	0.00015326699217891294	0.0002840980048523259	0.0003825052990389217	0.00020129855181585642	0.00021601857887236143	0.00038609091080300123	0.000393441767242675	0.00023258219826833535	0.00042770246356044406	0.0002794658805108421	0.0002293622836416764	0.00016808923830044766	0.00024121434358069968	0.00022493489664584078	0.00025053218745527725	0.00035001086389260626	0.0002771509292272594	0.0002551613704893696	0.00015408772924292022	0.00016555326905009918	7.869609988845946e-05	0.0003607755039021931	0.00016945022440374434	0.00021231355811503205	0.0004079524432952349	0.00013867593187682638	0.00012548198446738355	0.0001344344538423141	0.00020152597324039637	0.0003012738435758915	0.0001487709607840852	7.75935228854613e-05	0.00012972302056856624	0.00011203481770276577	5.560442454594831e-05	0.00016642675450841265	0.00013732113540211894	0.00020813968387768206	0.00027393494218392895	0.00016050974544774176	0.00012623865809851026	0.00011886197699377398	0.0001815231883297542	0.00018623717048583006	0.00012806835103720392	0.00021020838332304199
W	0.0005127905524445843	0.00018848322998757798	8.276538099014927e-05	7.248001970170965e-05	7.663349608945647e-05	0.00014204900242616294	0.0	0.0	0.00010800928943618071	0.0	0.0	0.00017443664870125152	5.346280794505551e-05	9.315529350361402e-05	0.0	0.0	4.020239059678328e-05	0.0	0.0	0.0	0.0001385754646136297	7.290324871124846e-05	7.704386462146011e-05	0.0001241649517875744	3.934804994422973e-05	4.008616710024368e-05	3.3890044880748866e-05	0.0	3.3996036941269574e-05	0.0	0.0	0.0	0.0	3.347487150843239e-05	2.9754192156817042e-05	5.17290152569742e-05	5.18892082274265e-05	0.0	2.7802212272974154e-05	0.0	0.0	5.946848110790916e-05	3.0437215798214327e-05	3.2101949089548356e-05	0.0	2.9715494248443495e-05	0.0	3.103952841430501e-05	3.201708775930098e-05	0.0
Y	0.0005127905524445843	0.000282724844981367	0.00041382690495074634	0.00021744005910512895	0.00015326699217891294	0.00014204900242616294	0.00031875441586576807	6.709951727195214e-05	5.400464471809036e-05	0.00016546753320128627	5.6205966748953576e-05	0.0	0.00021385123178022203	0.00023288823375903505	9.174491345667055e-05	0.0	0.00016080956238713313	0.0001349609379875045	8.351072915175908e-05	0.00013125407395972734	9.238364307575313e-05	0.0001093548730668727	0.00011556579693219017	8.277663452504959e-05	0.00015739219977691893	0.00012025850130073103	6.778008976149773e-05	0.00017692796509586	0.00010198811082380872	0.00017334491484603297	3.137049611684589e-05	8.066067230538847e-05	0.00011515769899451222	0.00010042461452529717	5.9508384313634085e-05	5.17290152569742e-05	5.18892082274265e-05	5.601740885138289e-05	8.340663681892247e-05	8.321337725420633e-05	9.154742360141262e-05	5.946848110790916e-05	0.00021306051058750028	0.00016050974544774176	6.311932904925513e-05	8.914648274533049e-05	7.779565214132324e-05	6.207905682861001e-05	0.00012806835103720392	0.0
