A	0.0	0.0013516921056149014	0.0005778916437885897	0.0007240383945190865	0.0002381961100697797	0.00020554728109418093	0.0003985733902757995	0.0003104151534097994	0.0002487623577956647	0.0003429265540952756	0.0003478197419904846	0.0001652924443503258	0.000575099856406864	0.00026667017066845034	0.0003990895805346657	0.00013964960633845489	0.00014093454038926296	0.0001874625983752459	0.0003348869322498402	0.0001791630179549565	7.648803450972384e-05	0.00019036672295189195	0.00022269784554329193	0.00022188406483486135	0.00016763100498513232	0.0003224118440105917	0.0002402026618058657	0.00013346672593941142	0.00015830233611870153	7.013334236931431e-05	0.00011100892033252059	0.00018202297567169394	0.000171355556404213	0.0001245671231072821	0.00010376427616007794	0.00028059053983863326	3.182446509131981e-05	0.00016883377036014093	0.0003048027429180089	7.93152635472048e-05	0.00016780271419209966	0.00012893918136779823	0.00010445352460135415	0.00010840541920112634	0.00011598838150212191	7.949027129979461e-05	7.090322914669376e-05	0.00016139717252303134	0.00010060020586569532	3.3979750508034674e-05
C	0.0	0.0	0.0	0.00018100959862977164	7.939870335659322e-05	6.851576036472697e-05	6.642889837929992e-05	0.0	6.219058944891618e-05	0.0	0.0	5.50974814501086e-05	0.0	0.0	9.977239513366642e-05	9.309973755896992e-05	4.697818012975432e-05	9.373129918762295e-05	4.1860866531230026e-05	0.0	3.824401725486192e-05	7.614668918075679e-05	0.0	0.00013313043890091683	8.381550249256616e-05	4.0301480501323964e-05	0.0	0.0	3.957558402967538e-05	3.5066671184657155e-05	3.700297344417353e-05	0.00010921378540301637	3.4271111280842604e-05	3.114178077682052e-05	6.917618410671862e-05	0.0	6.364893018263962e-05	0.00010130026221608456	9.144082287540268e-05	3.96576317736024e-05	0.0	0.0001611739767097478	6.963568306756942e-05	3.613513973370878e-05	7.732558766808128e-05	7.949027129979461e-05	0.00010635484372004064	4.0349293130757836e-05	6.706680391046355e-05	0.00010193925152410402
D	0.0	0.0013516921056149014	0.0004953356946759341	0.00036201919725954327	0.00039699351678296614	0.00020554728109418093	0.0005314311870343993	0.000496664245455679	0.000684096483938078	0.00022861770273018372	0.0004637596559873128	0.000275487407250543	0.00033547491623733724	0.00032000420480214045	0.00034920338296783244	0.0003723989502358797	0.00042280362116778894	0.00023432824796905735	0.0002093043326561501	0.0004479075448873913	0.0003824401725486192	0.00034266010131340553	0.00040085612197792553	0.00026626087780183365	0.00033526200997026465	0.00016120592200529585	0.00036030399270879854	0.00020020008890911714	0.00027702908820772767	0.0002454666982926001	0.00018501486722086763	0.00014561838053735515	0.0002398977789658982	0.0004048431500986668	0.0003112928284802338	0.00021044290487897497	0.00022277125563923867	0.00016883377036014093	0.00015240137145900446	0.0003569186859624216	0.00013424217135367972	0.00019340877205169737	0.00024372489073649296	0.00010840541920112634	0.00023197676300424383	0.00019872567824948654	0.00014180645829338752	0.00016139717252303134	0.00046946762737324477	0.0002718380040642774
E	0.0	0.000860167703573119	0.0003302237964506227	0.0008145431938339723	0.00039699351678296614	0.0004796103225530888	0.0003985733902757995	0.0003104151534097994	0.0003731435366934971	0.0001714632770476378	0.0005217296129857269	0.0004407798516008688	0.00023962494016952662	0.0002133361365347603	0.00034920338296783244	0.0005120485565743346	0.0002818690807785259	0.0004217908463443033	0.00037674779878107024	0.00026874452693243477	0.0003059521380388954	0.0003807334459037839	0.0003563165528692671	0.0003993913167027505	0.00041907751246283076	0.0003627133245119157	4.003377696764428e-05	0.00013346672593941142	0.00027702908820772767	0.00014026668473862862	0.00040703270788590884	0.0003276413562090491	0.0002398977789658982	0.00018685068466092313	0.00017294046026679655	0.0004559596272377791	0.00035006911600451795	0.00033766754072028185	0.00015240137145900446	0.00027760342241521676	3.356054283841993e-05	0.00025787836273559646	0.00038299625687163185	0.0002529459781359614	0.00011598838150212191	0.00023847081389938388	0.00031906453116012194	0.00020174646565378917	0.00010060020586569532	0.0003058177545723121
F	0.0	0.0001228811005104456	8.255594911265568e-05	0.0005430287958893149	7.939870335659322e-05	0.00020554728109418093	6.642889837929992e-05	0.00018624909204587964	0.00018657176834674854	0.00011430885136509186	0.0002898497849920705	0.0002203899258004344	9.584997606781065e-05	0.00016000210240107023	9.977239513366642e-05	0.0003258490814563947	9.395636025950865e-05	9.373129918762295e-05	0.00025116519918738016	0.0	0.0001529760690194477	0.00015229337836151357	0.00022269784554329193	4.437681296697227e-05	4.190775124628308e-05	0.00016120592200529585	4.003377696764428e-05	0.00013346672593941142	0.00015830233611870153	0.00017533335592328578	0.00011100892033252059	0.00010921378540301637	0.00013708444512337042	0.00018685068466092313	0.00013835236821343723	0.0	0.00022277125563923867	3.376675407202818e-05	0.00012192109716720358	0.0001189728953208072	0.0	0.0	6.963568306756942e-05	7.227027946741756e-05	0.00019331396917020318	0.00019872567824948654	7.090322914669376e-05	0.00020174646565378917	0.0001341336078209271	6.795950101606935e-05
G	0.0	0.0003686433015313368	0.0003302237964506227	0.000452523996574429	0.00039699351678296614	0.0002740630414589079	0.00013285779675859983	0.0002483321227278395	0.0002487623577956647	0.00045723540546036744	0.0002318798279936564	0.0003305848887006516	0.000143774964101716	0.0004266722730695206	0.00034920338296783244	0.00013964960633845489	0.00032884726090828023	0.00023432824796905735	0.0001674434661249201	0.00013437226346621738	7.648803450972384e-05	0.0002665134121326487	8.907913821731677e-05	4.437681296697227e-05	0.00012572325373884924	0.00012090444150397188	4.003377696764428e-05	3.3366681484852855e-05	0.00011872675208902615	0.00010520001355397147	0.00018501486722086763	3.640459513433879e-05	0.000171355556404213	6.228356155364104e-05	6.917618410671862e-05	0.00010522145243948749	6.364893018263962e-05	0.00010130026221608456	0.00012192109716720358	0.0001586305270944096	0.00016780271419209966	0.00022564356739364689	0.00017408920766892355	0.00010840541920112634	0.00011598838150212191	0.00019872567824948654	7.090322914669376e-05	4.0349293130757836e-05	0.00010060020586569532	0.00010193925152410402
H	0.0	0.0003686433015313368	0.00024766784733796707	0.00027151439794465747	0.00039699351678296614	6.851576036472697e-05	0.0003321444918964996	0.00012416606136391974	0.00012438117889783235	0.00011430885136509186	5.79699569984141e-05	0.0001101949629002172	9.584997606781065e-05	5.333403413369008e-05	9.977239513366642e-05	9.309973755896992e-05	0.00014093454038926296	0.0001874625983752459	0.00012558259959369008	4.479075448873913e-05	3.824401725486192e-05	0.0	0.0	0.00013313043890091683	8.381550249256616e-05	4.0301480501323964e-05	0.00016013510787057713	6.673336296970571e-05	7.915116805935077e-05	0.00017533335592328578	7.400594688834706e-05	7.280919026867758e-05	0.0	9.342534233046157e-05	3.458809205335931e-05	3.507381747982916e-05	0.0	0.00013506701628811273	0.00015240137145900446	3.96576317736024e-05	3.356054283841993e-05	3.223479534194956e-05	3.481784153378471e-05	0.00018067569866854388	0.00015465117533616256	7.949027129979461e-05	0.00010635484372004064	0.00016139717252303134	6.706680391046355e-05	0.0001359190020321387
I	0.0	0.0002457622010208912	0.0008255594911265568	0.00018100959862977164	0.00039699351678296614	0.00041109456218836187	0.0003321444918964996	0.0002483321227278395	0.00031095294724458087	0.00022861770273018372	0.0002898497849920705	0.000275487407250543	0.000143774964101716	0.00032000420480214045	0.00014965859270049962	0.00013964960633845489	0.00032884726090828023	0.0004217908463443033	0.00012558259959369008	0.00026874452693243477	0.0001912200862743096	0.00030458675672302715	0.0003117769837606087	0.00035501450373577815	0.00029335425872398154	8.060296100264793e-05	0.0002001688848382214	0.00023356677039397	7.915116805935077e-05	7.013334236931431e-05	0.00025902081410921466	0.0004004505464777267	6.854222256168521e-05	9.342534233046157e-05	0.00013835236821343723	0.0002455167223588041	0.00022277125563923867	0.0002363672785041973	3.0480274291800894e-05	0.00027760342241521676	0.0003020448855457794	0.00029011315807754605	0.0002089070492027083	0.00018067569866854388	7.732558766808128e-05	0.0003577062208490758	0.00024816130201342815	0.00024209575878454703	0.00020120041173139064	0.00010193925152410402
K	0.0	0.0007372866030626736	0.0006604475929012454	0.000905047993148858	0.0006351896268527458	0.00013703152072945394	0.0004650022886550994	0.0004345812147737191	0.0002487623577956647	0.00040008097977782146	0.0001739098709952423	0.000275487407250543	0.000287549928203432	0.0004800063072032107	0.0004988619756683321	0.0003258490814563947	0.00032884726090828023	0.0003749251967504918	0.00037674779878107024	0.00031353528142117384	0.000497172224313205	0.00022844006754227036	0.00040085612197792553	0.00013313043890091683	0.00029335425872398154	0.0003224118440105917	0.00032027021574115427	0.00026693345187882284	0.00051448259238578	0.00021040002710794294	0.0003330267609975618	0.00036404595134338787	0.00037698222408926867	0.0001245671231072821	0.0003112928284802338	0.0003156643573184625	0.0002545957207305585	0.00040520104886433825	0.00012192109716720358	0.0005552068448304335	0.00013424217135367972	0.00022564356739364689	0.00024372489073649296	0.00036135139733708776	0.0003093023506723251	0.00023847081389938388	0.0004963226040268563	0.0005245408106998519	0.00023473381368662238	0.0003397975050803467
L	0.0	0.000614405502552228	0.0008255594911265568	0.000452523996574429	0.0006351896268527458	0.0005481260829178158	0.000797146780551599	0.0007449963681835186	0.0003731435366934971	0.000743007533873097	0.000579699569984141	0.000826462221751629	0.00023962494016952662	0.0004266722730695206	0.00034920338296783244	0.0005585984253538195	0.0003758254410380346	0.0003749251967504918	0.0001674434661249201	0.0005822798083536087	0.0001912200862743096	0.00041880679049416234	0.0006680935366298759	0.00035501450373577815	0.0002514465074776985	0.00044331628551456357	0.0004403715466440871	0.00013346672593941142	0.00051448259238578	0.0003156000406619144	0.00018501486722086763	0.00036404595134338787	0.0002398977789658982	0.00037370136932184626	0.0005879975649071082	0.0003858119922781208	0.0004773669763697972	0.00027013403257622546	0.00024384219433440716	0.00019828815886801198	0.0004362870568994591	0.00038681754410339474	0.0002089070492027083	0.00036135139733708776	0.00042529073217444704	0.00019872567824948654	0.0004608709894535094	0.00020174646565378917	0.0004024008234627813	0.00020387850304820804
M	0.014486357668207692	0.0	8.255594911265568e-05	9.050479931488582e-05	7.939870335659322e-05	0.0	0.00013285779675859983	6.208303068195987e-05	0.0	5.715442568254593e-05	5.79699569984141e-05	5.50974814501086e-05	0.000143774964101716	0.0002133361365347603	9.977239513366642e-05	9.309973755896992e-05	9.395636025950865e-05	4.686564959381147e-05	8.372173306246005e-05	8.958150897747826e-05	3.824401725486192e-05	7.614668918075679e-05	8.907913821731677e-05	0.00017750725186788907	4.190775124628308e-05	0.00012090444150397188	8.006755393528857e-05	0.00010010004445455857	7.915116805935077e-05	0.0	0.0	7.280919026867758e-05	3.4271111280842604e-05	0.0	0.00010376427616007794	3.507381747982916e-05	3.182446509131981e-05	6.753350814405637e-05	3.0480274291800894e-05	7.93152635472048e-05	3.356054283841993e-05	3.223479534194956e-05	3.481784153378471e-05	3.613513973370878e-05	0.00011598838150212191	3.974513564989731e-05	0.00014180645829338752	0.0	3.353340195523177e-05	6.795950101606935e-05
N	0.0	0.000860167703573119	0.0003302237964506227	0.000452523996574429	0.0003175948134263729	0.0005481260829178158	0.0003985733902757995	0.0002483321227278395	0.0009950494311826588	0.0003429265540952756	0.0003478197419904846	0.0003305848887006516	0.0006230248444407693	0.0004800063072032107	0.0003990895805346657	0.00027929921267690977	0.00032884726090828023	9.373129918762295e-05	0.00037674779878107024	0.00031353528142117384	0.00022946410352917156	0.00022844006754227036	0.00040085612197792553	0.00026626087780183365	0.00029335425872398154	0.0003627133245119157	0.00032027021574115427	0.0003003001333636757	0.0004749070083561046	0.0003857333830312287	0.00022201784066504119	0.00010921378540301637	0.0005140666692126391	0.0002802760269913847	0.00017294046026679655	0.0003156643573184625	0.0002545957207305585	0.0002363672785041973	0.0003048027429180089	0.00027760342241521676	0.0003691659712226192	0.00035458274876144514	0.00038299625687163185	0.00028908111786967025	0.00034796514450636574	0.00031796108519917846	0.00021270968744008129	0.00040349293130757834	0.00016766700977615887	0.0001359190020321387
P	0.0	0.0004915244020417824	0.0003302237964506227	0.00018100959862977164	0.0009527844402791187	0.00041109456218836187	0.00026571559351719966	0.0003724981840917593	0.0002487623577956647	0.0002857721284127296	0.0002318798279936564	0.0001652924443503258	0.000287549928203432	0.00016000210240107023	4.988619756683321e-05	0.00013964960633845489	0.0002818690807785259	0.00014059694878143443	0.0001674434661249201	4.479075448873913e-05	0.00011473205176458578	0.00011422003377113518	0.00013361870732597517	0.00017750725186788907	0.00016763100498513232	0.0	0.0002001688848382214	0.00020020008890911714	0.00015830233611870153	0.00028053336947725724	0.00018501486722086763	0.00018202297567169394	6.854222256168521e-05	0.0001245671231072821	0.00017294046026679655	0.0001753690873991458	6.364893018263962e-05	6.753350814405637e-05	0.00021336192004260625	0.0001586305270944096	0.00026848434270735944	0.00019340877205169737	0.0002089070492027083	0.00032521625760337903	0.00027063955683828445	0.00019872567824948654	7.090322914669376e-05	0.00012104787939227351	6.706680391046355e-05	0.0001359190020321387
Q	0.0001524879754548178	0.0001228811005104456	0.00016511189822531136	0.0005430287958893149	0.0007939870335659323	0.0002740630414589079	0.0003985733902757995	0.0004345812147737191	0.0003731435366934971	0.0003429265540952756	0.0002318798279936564	0.0002203899258004344	0.000287549928203432	0.0003733382389358305	0.00024943098783416606	0.0003258490814563947	0.0002348909006487716	0.00032805954715668027	0.00012558259959369008	0.0004479075448873913	0.00026770812078403346	0.0002665134121326487	0.00013361870732597517	0.00026626087780183365	0.0002514465074776985	0.00024180888300794377	0.0002001688848382214	0.00033366681484852854	3.957558402967538e-05	0.00014026668473862862	0.00025902081410921466	0.0002912367610747103	0.000171355556404213	0.0001557089038841026	0.00017294046026679655	0.00010522145243948749	0.00012729786036527925	0.00027013403257622546	9.144082287540268e-05	0.00019828815886801198	0.00016780271419209966	0.0001611739767097478	0.0002089070492027083	0.00018067569866854388	7.732558766808128e-05	7.949027129979461e-05	0.0001772580728667344	8.069858626151567e-05	0.00033533401955231773	0.00023785825355624268
R	0.0	0.0003686433015313368	0.0004127797455632784	0.0006335335952042006	0.0003175948134263729	0.00034257880182363484	0.0003985733902757995	0.0003104151534097994	0.00031095294724458087	0.0002857721284127296	0.0003478197419904846	0.0003305848887006516	0.0001916999521356213	0.0004266722730695206	0.00024943098783416606	0.00023274934389742478	0.0002348909006487716	0.00032805954715668027	0.0001674434661249201	0.00022395377244369564	0.00011473205176458578	0.00011422003377113518	4.453956910865839e-05	0.00022188406483486135	0.00012572325373884924	0.00024180888300794377	0.00028023643877350993	0.00010010004445455857	0.00011872675208902615	0.00014026668473862862	0.00011100892033252059	0.00014561838053735515	0.00030844000152758345	6.228356155364104e-05	0.00013835236821343723	3.507381747982916e-05	0.00012729786036527925	0.00010130026221608456	6.096054858360179e-05	0.00019828815886801198	0.00016780271419209966	6.446959068389911e-05	6.963568306756942e-05	0.0003974865370707966	0.00019331396917020318	0.00023847081389938388	7.090322914669376e-05	0.00048419151756909405	0.00016766700977615887	0.00023785825355624268
S	0.0	0.0028262653117402483	0.0015685630331404579	0.0006335335952042006	0.0006351896268527458	0.0011647679262003585	0.0008635756789308989	0.0004345812147737191	0.0003731435366934971	0.0005143898311429134	0.0006956394839809692	0.000550974814501086	0.000287549928203432	0.00016000210240107023	0.00034920338296783244	0.0004189488190153647	0.00042280362116778894	0.0005623877951257377	0.0004186086653123002	0.00040311679039865215	0.0005736602588229289	0.0002665134121326487	0.0003117769837606087	0.0004437681296697227	0.00029335425872398154	0.00044331628551456357	0.00028023643877350993	0.00033366681484852854	0.00035618025626707846	0.0003857333830312287	0.00040703270788590884	0.0002912367610747103	0.00020562666768505564	0.00034255958854502574	0.00027670473642687446	0.0001753690873991458	0.00012729786036527925	0.00016883377036014093	0.0003048027429180089	0.00039657631773602395	0.0003020448855457794	0.0001611739767097478	0.00024372489073649296	0.00014454055893483512	0.00034796514450636574	0.00031796108519917846	0.00031906453116012194	0.0004438422244383362	0.0002682672156418542	0.0003737772555883814
T	0.0	0.0004915244020417824	0.0004127797455632784	0.000452523996574429	0.0006351896268527458	0.00041109456218836187	0.0	0.0006208303068195988	0.00018657176834674854	0.00040008097977782146	0.0003478197419904846	5.50974814501086e-05	0.00033547491623733724	0.0005333403413369007	0.00024943098783416606	0.00013964960633845489	0.0002348909006487716	0.00023432824796905735	0.00025116519918738016	0.00022395377244369564	0.0001912200862743096	0.00019036672295189195	0.00026723741465195034	0.00013313043890091683	0.00037716976121654776	0.0002821103635092677	0.00036030399270879854	0.00010010004445455857	3.957558402967538e-05	0.00028053336947725724	0.00022201784066504119	0.00021842757080603274	3.4271111280842604e-05	6.228356155364104e-05	0.00013835236821343723	0.0002455167223588041	0.00015912232545659905	0.00016883377036014093	0.00015240137145900446	7.93152635472048e-05	0.0002013632570305196	9.670438602584868e-05	0.00010445352460135415	0.00018067569866854388	0.00023197676300424383	0.00023847081389938388	0.00010635484372004064	0.00020174646565378917	0.0	0.00016989875254017336
V	0.0	0.000614405502552228	0.0003302237964506227	0.0006335335952042006	0.0002381961100697797	0.0007536733640119967	0.00026571559351719966	0.00012416606136391974	0.0002487623577956647	0.0001714632770476378	0.0002318798279936564	0.0004407798516008688	0.00023962494016952662	0.00016000210240107023	0.00029931718540099925	4.654986877948496e-05	0.0001879127205190173	0.0001874625983752459	0.0002093043326561501	8.958150897747826e-05	0.0001529760690194477	0.0	0.00017815827643463355	0.00031063769076880587	8.381550249256616e-05	0.00012090444150397188	0.0002402026618058657	0.0003670334963333814	0.00015830233611870153	0.00021040002710794294	0.00025902081410921466	7.280919026867758e-05	0.000171355556404213	0.0001245671231072821	0.00020752855232015587	0.00021044290487897497	0.00012729786036527925	0.00016883377036014093	0.00012192109716720358	0.0001586305270944096	0.00016780271419209966	9.670438602584868e-05	0.00017408920766892355	0.00014454055893483512	0.00023197676300424383	0.0003974513564989731	0.00010635484372004064	0.0	0.0002682672156418542	0.00016989875254017336
W	0.0	0.0	0.0	0.0	0.0	0.0	0.0	0.0	0.00012438117889783235	0.0	5.79699569984141e-05	5.50974814501086e-05	4.7924988033905326e-05	0.0	0.0	0.0	0.0	0.0	0.0	8.958150897747826e-05	3.824401725486192e-05	0.0	4.453956910865839e-05	8.875362593394454e-05	0.0	0.0	0.0	0.0	3.957558402967538e-05	0.0	0.0	0.0	3.4271111280842604e-05	0.0	0.0	0.0	0.0	0.0	0.0	0.0	0.0	0.0	0.0	0.0	0.0	7.949027129979461e-05	0.0	0.0	0.0	0.0
Y	0.0001524879754548178	0.0001228811005104456	0.0	0.00027151439794465747	7.939870335659322e-05	0.00013703152072945394	0.00019928669513789976	0.0003104151534097994	0.00031095294724458087	0.0003429265540952756	0.0001159399139968282	0.0001652924443503258	4.7924988033905326e-05	0.0	0.00014965859270049962	0.00013964960633845489	4.697818012975432e-05	0.0	8.372173306246005e-05	0.0001791630179549565	3.824401725486192e-05	7.614668918075679e-05	4.453956910865839e-05	0.00013313043890091683	0.00033526200997026465	4.0301480501323964e-05	8.006755393528857e-05	6.673336296970571e-05	0.00015830233611870153	3.5066671184657155e-05	3.700297344417353e-05	3.640459513433879e-05	0.00010281333384252782	0.00018685068466092313	3.458809205335931e-05	7.014763495965832e-05	0.00015912232545659905	6.753350814405637e-05	0.00018288164575080537	0.00019828815886801198	0.00016780271419209966	6.446959068389911e-05	0.0002089070492027083	3.613513973370878e-05	0.00011598838150212191	7.949027129979461e-05	0.00014180645829338752	0.00024209575878454703	6.706680391046355e-05	0.00010193925152410402
