0.9254873245211699
0.98659134860246
0.9377199345690357
0.7921813253699675
0.9150667154627086
0.9595136199127613
0.9691808936157308
0.9126930390374799
0.8932248921742877
0.6936408945311925
0.8369968807375381
0.8264737886312653
0.8324833357565414
0.7571648968734287
0.7486625767373398
0.8795347246890022
0.9612764873081948
0.8233449065724977
0.7702068686719498
0.8777087198347909
0.971971521994499
0.9439136198360284
0.9793779088764116
0.9166424858600066
1.0692419160843591
1.0452495618301194
1.0789653725322679
1.0053955122346432
0.934562533147899
1.1622590526621668
1.071400230490528
1.0088939262796928
1.0681701008474465
0.9359759671752207
0.9464350831444369
1.0100395944911646
0.9925885047531688
1.1025127438914977
1.1729638110233918
1.0849072067198609
1.0298824982933394
0.9672648950926201
1.1707861985944894
1.0645241418431624
1.1340277970251664
1.1788388595746855
1.0626947151797912
1.1578604652797087
1.247923501526256
1.306134891406496
