A	0.0008253199338353027	0.0008821732453069392	0.0008869192878634914	0.0011311010227579932	0.0004150625618792797	0.000601279741970442	0.0009043343473110492	0.0007042563841178339	0.0002652243155786522	0.00036666122866578087	0.0002229091230539905	0.000551339207617296	0.000926837967987119	0.00011693137463814166	0.0007947225844667445	0.0011196887839516542	0.00024107298625722088	0.0011975897377738112	0.0002931691208289801	0.000694125181408381	0.00042847150048466184	0.00039671226763250434	0.0004853741346437715	0.00018664838005647862	0.0004107941261759916	0.0002850414749177134	0.0003665518856755046	0.0001703198924557371	0.000408798504082604	0.00013827624416210034	0.00032736010592099995	0.0005970030492243888	0.0001920405032169136	0.00028385553887225147	0.0007009050260161722	0.0003457279050089068	0.00015451102125350565	0.0004928191164746586	0.0005947796131639712	0.0005415506648744279	0.00024444804455835584	0.00026319308188611307	0.00028095621817589154	0.000335287360709322	0.0005177212994450626	0.0003566885630662249	0.0003106040407755043	7.893651205224994e-05	7.406062898243884e-05	0.00038847559448952667
C	0.0	0.0	0.0001773838575726983	0.00016158586039399905	0.00013835418729309326	0.0	0.0001291906210444356	0.00014085127682356678	0.0001326121577893261	0.0	0.00011145456152699525	0.0	0.0	0.00011693137463814166	0.00011353179778096352	0.0	0.00024107298625722088	0.0002177435886861475	9.772304027632672e-05	0.00011568753023473018	0.0	0.0	0.0	9.332419002823931e-05	0.0001026985315439979	0.0	0.0	0.0	8.17597008165208e-05	0.0	0.0	0.00017057229977839681	0.00028806075482537037	9.461851295741716e-05	0.0	0.0	0.0	0.0	7.43474516454964e-05	0.0	0.0	0.0	7.023905454397288e-05	0.0	0.0001479203712700179	7.133771261324498e-05	7.765101019387608e-05	0.0	7.406062898243884e-05	0.0
D	0.0014443098842117795	0.0015879118415524907	0.0012416870030088878	0.0011311010227579932	0.0004150625618792797	0.000901919612955663	0.0009043343473110492	0.0007042563841178339	0.0018565702090505651	0.0010999836859973426	0.0002229091230539905	0.0006616070491407552	0.0005792737299919493	0.0005846568731907082	0.00034059539334289055	0.0002488197297670343	0.0009642919450288835	0.000435487177372295	0.0004886152013816336	0.00023137506046946036	0.0005355893756058272	0.0004958903345406304	0.00038829930771501725	0.00018664838005647862	0.0009242867838959811	0.0004750691248628556	0.0004581898570943807	0.0011922392471901595	0.0006540776065321664	0.0003456906104052508	0.0004910401588814998	0.00034114459955679363	0.00028806075482537037	0.0011354221554890059	0.0005256787695121291	0.0006914558100178136	0.0006180440850140226	0.0003285460776497725	0.0005947796131639712	0.0003868219034817342	0.0003259307260778078	0.0008773102729537102	0.0003511952727198644	0.00040234483285118635	0.0005916814850800716	0.00021401313783973495	0.0006988590917448847	0.0003157460482089998	0.00014812125796487768	0.000699256070081148
E	0.001237979900752954	0.0012350425434297149	0.0012416870030088878	0.0011311010227579932	0.000553416749172373	0.0010522395484482735	0.0011627155893999205	0.0009859589377649673	0.0007956729467359564	0.0010999836859973426	0.0005572728076349762	0.0007718748906642144	0.000926837967987119	0.0011693137463814165	0.0011353179778096352	0.0008708690541846198	0.00048214597251444177	0.0006532307660584424	0.0005863382416579602	0.0005784376511736508	0.000749825125848158	0.0007934245352650087	0.0007765986154300345	0.0010265660903106325	0.0004107941261759916	0.000760110599780569	0.0005498278285132568	0.0005109596773672112	0.0005723179057156455	0.0002765524883242007	0.0007365602383222499	0.0010234337986703807	0.0012482632709099383	0.00066232959070192	0.0004380656412601076	0.0004321598812611335	0.0006180440850140226	0.0007392286747119881	0.0005947796131639712	0.0008510081876598153	0.00040741340759725973	0.00026319308188611307	0.0006321514908957559	0.0002682298885674576	0.00036980092817504473	0.0008560525513589398	0.0005435570713571325	0.0006314920964179996	0.00029624251592975535	0.0006215609511832427
F	0.00020632998345882568	0.0007057385962455514	0.0001773838575726983	0.0003231717207879981	0.0002767083745861865	0.000300639870985221	0.0005167624841777424	0.0	0.0002652243155786522	0.0004888816382210413	0.0003343636845809857	0.0003308035245703776	0.0004634189839935595	0.00011693137463814166	0.0005676589889048176	0.00012440986488351715	0.00036160947938583126	0.000435487177372295	0.0005863382416579602	0.0003470625907041905	0.0003213536253634963	0.0002975342007243782	0.00038829930771501725	0.0004666209501411965	0.0001026985315439979	0.00019002764994514225	9.163797141887616e-05	0.0009367594085065541	0.0003270388032660832	0.0003456906104052508	0.00016368005296049998	0.00034114459955679363	0.0003840810064338272	0.00037847405182966866	8.761312825202153e-05	0.00025929592875668006	0.0003090220425070113	0.0004106825970622156	7.43474516454964e-05	0.00046418628417808103	0.0005703787706361636	0.0003509241091814841	0.0004214343272638372	0.0002682298885674576	7.396018563500895e-05	7.133771261324498e-05	0.00038825505096938036	0.0001578730241044999	0.00022218188694731651	0.00015539023779581067
G	0.00041265996691765137	0.0005293039471841635	0.0005321515727180949	0.0008079293019699952	0.0004150625618792797	0.001202559483940884	0.000645953105222178	0.0004225538304707003	0.0001326121577893261	0.00036666122866578087	0.0007801819306889667	0.0007718748906642144	0.0005792737299919493	0.00023386274927628332	0.0005676589889048176	0.0002488197297670343	0.0006026824656430521	0.000435487177372295	0.0006840612819342869	0.0009255002418778414	0.00042847150048466184	0.0004958903345406304	0.0004853741346437715	0.0005599451401694358	0.0005134926577199894	0.0005700829498354267	0.0008247417427698853	8.515994622786855e-05	0.000408798504082604	0.000414828732486301	0.00032736010592099995	0.0	9.60202516084568e-05	0.00037847405182966866	0.00026283938475606453	0.0001728639525044534	0.0004635330637605169	0.0003285460776497725	7.43474516454964e-05	0.00030945752278538737	0.0007333441336750675	0.0004386551364768551	0.00014047810908794577	0.00040234483285118635	0.0002958407425400358	7.133771261324498e-05	0.0004659060611632564	0.0005525555843657496	0.0007406062898243883	0.00031078047559162134
H	0.0	0.0007057385962455514	0.0001773838575726983	0.0	0.000553416749172373	0.000300639870985221	0.0002583812420888712	0.00028170255364713356	0.0001326121577893261	0.00012222040955526032	0.0	0.00022053568304691843	0.0	0.0	0.00011353179778096352	0.00012440986488351715	0.00036160947938583126	0.00010887179434307375	0.0	0.0	0.0003213536253634963	0.00019835613381625217	0.0004853741346437715	0.00018664838005647862	0.0002053970630879958	0.00019002764994514225	9.163797141887616e-05	0.0	0.0001635194016330416	0.0002074143662431505	0.00032736010592099995	8.528614988919841e-05	0.0	0.00028385553887225147	0.00017522625650404306	0.0	0.0	0.00016427303882488625	7.43474516454964e-05	0.00023209314208904051	0.0001629653630389039	0.0003509241091814841	0.0	0.0002682298885674576	0.0	7.133771261324498e-05	7.765101019387608e-05	0.0001578730241044999	0.0	0.0
I	0.0008253199338353027	0.0005293039471841635	0.0003547677151453966	0.0003231717207879981	0.0006917709364654662	0.0010522395484482735	0.0003875718631333068	0.0009859589377649673	0.0009282851045252826	0.00024444081911052063	0.0005572728076349762	0.0003308035245703776	0.0004634189839935595	0.0007015882478288498	0.0009082543822477081	0.0004976394595340686	0.0006026824656430521	0.0009798461490876636	0.0002931691208289801	0.0008098127116431111	0.00042847150048466184	0.0005950684014487564	0.0007765986154300345	0.0004666209501411965	0.0005134926577199894	0.0002850414749177134	0.000641465799932133	0.0003406397849114742	0.0003270388032660832	0.000414828732486301	0.00032736010592099995	0.000426430749445992	0.0006721417612591975	0.00028385553887225147	0.0005256787695121291	0.00025929592875668006	0.00038627755313376414	0.0004106825970622156	0.0005947796131639712	0.00030945752278538737	0.0004888960891167117	0.0004386551364768551	0.0002107171636319186	0.0001341149442837288	0.0005177212994450626	0.0004280262756794699	0.0003106040407755043	0.00023680953615674982	0.00037030314491219416	0.0006215609511832427
K	0.002682289784964734	0.001058607894368327	0.0007095354302907932	0.0008079293019699952	0.0012451876856378393	0.001503199354926105	0.0007751437262666136	0.0007042563841178339	0.0010608972623146087	0.0004888816382210413	0.0010030910537429571	0.0006616070491407552	0.000926837967987119	0.0009354509971051333	0.0006811907866857811	0.0012440986488351713	0.0006026824656430521	0.0007621025604015161	0.0004886152013816336	0.0009255002418778414	0.000749825125848158	0.00039671226763250434	0.0004853741346437715	0.0007465935202259145	0.0008215882523519832	0.0004750691248628556	0.000641465799932133	0.00042579973113934273	0.0004905582048991248	0.0002074143662431505	0.0005728801853617498	0.00017057229977839681	0.0003840810064338272	0.00066232959070192	0.0004380656412601076	0.0006914558100178136	0.0003090220425070113	0.0003285460776497725	0.0002973898065819856	0.0007736438069634685	0.0004888960891167117	0.0008773102729537102	0.0003511952727198644	0.00040234483285118635	0.0004437611138100537	0.0004280262756794699	0.0005435570713571325	0.0007104286084702495	0.0006665456608419496	0.00038847559448952667
L	0.0016506398676706055	0.002293650437798042	0.0019512224332996814	0.0014542727435459914	0.0009684793110516527	0.0010522395484482735	0.0010335249683554848	0.0011268102145885342	0.0010608972623146087	0.0009777632764420825	0.0006687273691619714	0.0008821427321876737	0.0004634189839935595	0.0011693137463814165	0.0006811907866857811	0.0009952789190681372	0.001325901424414715	0.0003266153830292212	0.0004886152013816336	0.0012725628325820318	0.000749825125848158	0.0002975342007243782	0.0004853741346437715	0.0002799725700847179	0.0012323823785279746	0.0006650967748079978	0.000641465799932133	0.0002554798386836056	0.0003270388032660832	0.0006222430987294516	0.0005728801853617498	0.0007675753490027856	0.0011522430193014815	0.0005677110777445029	0.0005256787695121291	0.000864319762522267	0.0007725551062675283	0.0002464095582373293	0.000371737258227482	0.00030945752278538737	0.00024444804455835584	0.0008773102729537102	0.0003511952727198644	0.000335287360709322	0.0004437611138100537	0.0004993639882927149	0.0006212080815510086	0.0009472381446269993	0.0005184244028770718	0.0005438658322853374
M	0.0014443098842117795	0.0003528692981227757	0.0003547677151453966	0.0006463434415759962	0.00013835418729309326	0.0	0.0003875718631333068	0.0005634051072942671	0.0002652243155786522	0.00012222040955526032	0.0002229091230539905	0.00022053568304691843	0.0	0.00011693137463814166	0.00034059539334289055	0.0002488197297670343	0.00024107298625722088	0.0002177435886861475	0.00019544608055265344	0.00011568753023473018	0.00010711787512116546	9.917806690812608e-05	0.0	9.332419002823931e-05	0.0001026985315439979	0.0	0.0	8.515994622786855e-05	0.0	0.0003456906104052508	0.0002455200794407499	8.528614988919841e-05	9.60202516084568e-05	9.461851295741716e-05	8.761312825202153e-05	0.0001728639525044534	0.0004635330637605169	0.00016427303882488625	0.0002230423549364892	7.736438069634684e-05	0.0	0.0	0.0002107171636319186	0.0001341149442837288	0.00036980092817504473	7.133771261324498e-05	7.765101019387608e-05	0.0001578730241044999	0.00014812125796487768	0.0
N	0.001237979900752954	0.0012350425434297149	0.0012416870030088878	0.0003231717207879981	0.0009684793110516527	0.0007515996774630525	0.0005167624841777424	0.0004225538304707003	0.0007956729467359564	0.0013444245051078634	0.000445818246107981	0.00011026784152345921	0.0003475642379951696	0.0007015882478288498	0.00022706359556192704	0.0006220493244175856	0.00036160947938583126	0.0009798461490876636	0.0004886152013816336	0.0004627501209389207	0.0009640608760904891	0.0004958903345406304	0.0005824489615725258	0.0005599451401694358	0.0008215882523519832	0.0008551244247531402	0.0007331037713510092	0.00042579973113934273	0.0005723179057156455	0.0005531049766484014	0.00040920013240124993	0.000426430749445992	0.0003840810064338272	0.00047309256478708574	0.0005256787695121291	0.0006914558100178136	0.0006952995956407754	0.0003285460776497725	0.0002973898065819856	0.0003868219034817342	0.00040741340759725973	0.0003509241091814841	0.00028095621817589154	0.0001341149442837288	0.00036980092817504473	0.0007847148387456949	0.0002329530305816282	7.893651205224994e-05	0.0005184244028770718	0.0006215609511832427
P	0.0010316499172941284	0.00017643464906138786	0.0010643031454361897	0.00016158586039399905	0.0006917709364654662	0.0004509598064778315	0.0001291906210444356	0.0009859589377649673	0.0003978364733679782	0.0004888816382210413	0.0003343636845809857	0.00044107136609383685	0.0008109832219887291	0.0007015882478288498	0.0005676589889048176	0.00012440986488351715	0.00048214597251444177	0.0002177435886861475	9.772304027632672e-05	0.00011568753023473018	0.00010711787512116546	0.00019835613381625217	0.0002912244807862629	0.00037329676011295723	0.0002053970630879958	0.0002850414749177134	0.0002749139142566284	0.00042579973113934273	8.17597008165208e-05	0.0002765524883242007	0.0004910401588814998	0.0002558584496675952	0.0003840810064338272	9.461851295741716e-05	0.00026283938475606453	0.0001728639525044534	0.00023176653188025845	0.0002464095582373293	0.0002973898065819856	0.00015472876139269368	0.00040741340759725973	0.0003509241091814841	0.0002107171636319186	0.00040234483285118635	0.00036980092817504473	0.00021401313783973495	0.00015530202038775215	0.0003157460482089998	0.00022218188694731651	0.00038847559448952667
Q	0.0008253199338353027	0.0	0.0008869192878634914	0.0006463434415759962	0.0008301251237585594	0.000901919612955663	0.0001291906210444356	0.0007042563841178339	0.0003978364733679782	0.00012222040955526032	0.0006687273691619714	0.000551339207617296	0.00023170949199677974	0.0	0.00022706359556192704	0.00012440986488351715	0.00048214597251444177	0.0003266153830292212	0.00019544608055265344	0.00011568753023473018	0.00042847150048466184	0.00039671226763250434	0.00019414965385750862	0.00018664838005647862	0.0002053970630879958	0.0002850414749177134	0.0002749139142566284	0.0001703198924557371	0.0001635194016330416	0.00013827624416210034	0.00016368005296049998	0.00034114459955679363	0.00028806075482537037	0.00028385553887225147	0.00026283938475606453	0.0001728639525044534	7.725551062675283e-05	0.0007392286747119881	0.000371737258227482	0.00030945752278538737	0.0001629653630389039	0.0005263861637722261	0.00014047810908794577	0.0001341149442837288	0.00036980092817504473	0.00028535085045297993	7.765101019387608e-05	0.0001578730241044999	0.00044436377389463303	0.000233085356693716
R	0.00041265996691765137	0.0008821732453069392	0.0003547677151453966	0.0006463434415759962	0.0006917709364654662	0.0004509598064778315	0.0001291906210444356	0.00028170255364713356	0.0006630607889466304	0.0004888816382210413	0.0007801819306889667	0.0003308035245703776	0.0006951284759903392	0.00023386274927628332	0.00034059539334289055	0.0013685085137186885	0.0006026824656430521	0.0006532307660584424	0.0004886152013816336	0.0004627501209389207	0.00042847150048466184	0.00019835613381625217	0.0002912244807862629	0.0004666209501411965	0.0001026985315439979	0.0003800552998902845	0.0003665518856755046	0.00042579973113934273	0.000408798504082604	0.0002074143662431505	0.0002455200794407499	0.000426430749445992	0.00048010125804228397	0.0007569481036593373	0.0007009050260161722	0.00025929592875668006	0.00015451102125350565	0.0002464095582373293	0.0002973898065819856	0.00030945752278538737	0.00040741340759725973	8.773102729537102e-05	0.0003511952727198644	0.0002682298885674576	7.396018563500895e-05	0.00014267542522648996	0.0004659060611632564	0.0003946825602612497	0.00014812125796487768	0.00015539023779581067
S	0.0010316499172941284	0.0007057385962455514	0.0008869192878634914	0.0017774444643339896	0.0008301251237585594	0.000601279741970442	0.0009043343473110492	0.0008451076609414006	0.0006630607889466304	0.0010999836859973426	0.0006687273691619714	0.0007718748906642144	0.001042692713985509	0.0009354509971051333	0.00045412719112385407	0.0013685085137186885	0.0009642919450288835	0.000435487177372295	0.0012703995235922472	0.0010411877721125714	0.0010711787512116544	0.0009917806690812607	0.0005824489615725258	0.0006532693301976751	0.0004107941261759916	0.0010451520746982824	0.0007331037713510092	0.0005961196235950798	0.0007358373073486871	0.0006913812208105016	0.0004910401588814998	0.0005970030492243888	0.0007681620128676544	0.0005677110777445029	0.0004380656412601076	0.0010371837150267202	0.00038627755313376414	0.0007392286747119881	0.0004460847098729784	0.00015472876139269368	0.0004888960891167117	0.0004386551364768551	0.0007726295999837018	0.0007376321935605084	0.0004437611138100537	0.0004280262756794699	0.0009318121223265128	0.00047361907231349964	0.0006665456608419496	0.0008546463078769588
T	0.00041265996691765137	0.0008821732453069392	0.0007095354302907932	0.0004847575811819971	0.001106833498344746	0.0001503199354926105	0.000645953105222178	0.0009859589377649673	0.0005304486311573044	0.0007333224573315617	0.0006687273691619714	0.00044107136609383685	0.0003475642379951696	0.0007015882478288498	0.00045412719112385407	0.00012440986488351715	0.00024107298625722088	0.00010887179434307375	0.0003908921611053069	0.000694125181408381	0.0003213536253634963	0.0009917806690812607	0.0005824489615725258	0.00037329676011295723	0.0004107941261759916	0.0005700829498354267	0.0003665518856755046	0.0003406397849114742	0.000408798504082604	0.00013827624416210034	0.0005728801853617498	0.0005117168993351904	0.00048010125804228397	0.0005677110777445029	0.00026283938475606453	0.00025929592875668006	0.00023176653188025845	0.00016427303882488625	0.000371737258227482	0.00030945752278538737	0.0005703787706361636	0.00017546205459074204	0.0003511952727198644	0.000335287360709322	0.0001479203712700179	0.0004280262756794699	0.0002329530305816282	0.0006314920964179996	0.00044436377389463303	0.00015539023779581067
V	0.0010316499172941284	0.0003528692981227757	0.0007095354302907932	0.0006463434415759962	0.0004150625618792797	0.0004509598064778315	0.0005167624841777424	0.0004225538304707003	0.0003978364733679782	0.00024444081911052063	0.0003343636845809857	0.0007718748906642144	0.0006951284759903392	0.0005846568731907082	0.0006811907866857811	0.0006220493244175856	0.0006026824656430521	0.000435487177372295	0.0004886152013816336	0.0003470625907041905	0.00042847150048466184	0.0005950684014487564	0.0005824489615725258	0.00037329676011295723	0.0007188897208079851	0.0004750691248628556	0.0003665518856755046	0.0003406397849114742	0.0003270388032660832	0.0002074143662431505	0.00016368005296049998	0.0002558584496675952	0.00028806075482537037	9.461851295741716e-05	0.0004380656412601076	0.0005185918575133601	0.0003090220425070113	0.0004928191164746586	0.0002973898065819856	0.0003868219034817342	0.0001629653630389039	0.0004386551364768551	0.0004214343272638372	0.00040234483285118635	0.0002958407425400358	0.0003566885630662249	0.00015530202038775215	0.0003157460482089998	0.00029624251592975535	0.00031078047559162134
W	0.0	0.0005293039471841635	0.0007095354302907932	0.0	0.0	0.0	0.0	0.00014085127682356678	0.0001326121577893261	0.0	0.00011145456152699525	0.0	0.0	0.00023386274927628332	0.0	0.0	0.00012053649312861044	0.0	9.772304027632672e-05	0.0	0.0	9.917806690812608e-05	0.0	9.332419002823931e-05	0.0	9.501382497257112e-05	9.163797141887616e-05	0.0	8.17597008165208e-05	6.913812208105017e-05	0.0	8.528614988919841e-05	0.0	0.0	0.0	8.64319762522267e-05	7.725551062675283e-05	8.213651941244312e-05	7.43474516454964e-05	7.736438069634684e-05	0.0001629653630389039	0.0	0.0	6.70574721418644e-05	7.396018563500895e-05	0.0	7.765101019387608e-05	7.893651205224994e-05	0.0	0.0
Y	0.00041265996691765137	0.0	0.0003547677151453966	0.0008079293019699952	0.00013835418729309326	0.0007515996774630525	0.000645953105222178	0.00028170255364713356	0.0001326121577893261	0.00024444081911052063	0.0005572728076349762	0.0003308035245703776	0.00011585474599838987	0.0003507941239144249	0.00022706359556192704	0.0002488197297670343	0.00012053649312861044	0.00010887179434307375	0.0003908921611053069	0.0003470625907041905	0.0003213536253634963	0.00019835613381625217	0.00019414965385750862	0.00037329676011295723	0.00030809559463199364	0.0	9.163797141887616e-05	0.0003406397849114742	0.0002452791024495624	0.00013827624416210034	0.00016368005296049998	0.00017057229977839681	9.60202516084568e-05	0.00018923702591483433	0.0006132918977641505	8.64319762522267e-05	0.00015451102125350565	0.00016427303882488625	0.0001486949032909928	7.736438069634684e-05	0.0003259307260778078	0.00017546205459074204	0.00028095621817589154	0.0001341149442837288	0.00022188055690502685	0.00014267542522648996	0.0	0.0001578730241044999	0.00014812125796487768	0.0
