2.0488896879152376
1.9527616193550417
2.0405269016266137
2.029756764241236
1.87972941934804
1.924079960242448
1.7323154477848717
1.8022076548657544
2.2550882374443137
2.1131008528892927
1.9975578121390456
1.8911334435221272
2.0889362276839605
1.929208863567429
2.1407340190143938
2.2160541704207324
2.324940684842228
2.3497302814693066
2.090507220561206
1.9593009331209423
1.6585798171246913
1.942448941062345
2.0168126752618845
2.1208485836334066
2.168575779705867
2.3343575235204574
2.081758396075487
2.1679130596834315
2.175772469440333
2.306248792171996
2.4241143678614576
2.0203962584284
2.2119500880267133
2.4012519412841913
2.3975743808714345
2.138997476871377
2.132205757947426
2.044334890934704
1.9033706363524163
1.8408329429913342
1.9527481404494667
2.032375789274972
2.1029325577539475
1.8458935551232105
2.0537068249763313
1.821102834849591
2.0272155612926452
2.1233811623889536
1.9991044219652192
2.248468054881983
