
Last position-specific scoring matrix computed, weighted observed percentages rounded down, information per position, and relative weight of gapless real matches to pseudocounts
           A  R  N  D  C  Q  E  G  H  I  L  K  M  F  P  S  T  W  Y  V   A   R   N   D   C   Q   E   G   H   I   L   K   M   F   P   S   T   W   Y   V
    1 D   -2 -1  0  4 -5  1  6 -3 -1 -4 -4  0 -3 -4 -2 -1 -2 -4 -3 -4    0   0   0  26   0   2  72   0   0   0   0   0   0   0   0   0   0   0   0   0  0.95 0.14
    2 I   -1 -2 -2 -3  2 -2 -2 -3 -2  2  1 -2  1 -1 -2  0  4 -3  0  0    0   0   0   0   5   0   0   0   0  20  12   0   5   0   0   0  54   0   4   0  0.36 0.11
    3 E   -1  0  1 -1 -4  6  3 -3  0 -4 -3  1 -2 -4 -2 -1 -1 -3 -2 -3    3   0   5   0   0  65  20   0   0   0   0   7   0   0   0   0   0   0   0   0  0.80 0.15
    4 Y   -1 -1 -1  0 -4  3  6 -3 -1 -4 -4  0 -3 -3 -2 -1 -2 -3  0 -3    4   0   0   0   0  12  80   0   0   0   0   0   0   0   0   0   0   0   4   0  0.90 0.16
    5 M    0 -2 -3 -4 -2 -2 -3 -3 -3  1  2 -2  8 -1 -3 -2 -1 -3 -2  1   11   0   0   0   0   0   0   0   0   2   9   0  71   0   0   0   2   0   0   6  0.72 0.17
    6 L   -2 -3 -4 -4 -2 -3 -4 -4 -4  3  4 -3  2  0 -4 -3 -2 -3 -2  1    0   0   0   0   0   0   0   0   0  18  74   0   3   0   0   0   0   0   0   5  0.61 0.11
    7 E    0 -1  2  5 -4  1  2 -2 -1 -4 -4  1 -3 -4 -2 -1 -1 -4 -3 -3   10   0   8  54   0   7  13   0   0   0   0   9   0   0   0   0   0   0   0   0  0.64 0.10
    8 V   -3 -4 -4 -5 -3 -4 -4 -4 -2  0  1 -4  0  7 -4 -3 -3  0  2  0    0   0   0   0   0   0   0   0   0   3  12   0   1  80   0   0   0   0   0   4  1.00 0.16
    9 A    3 -3 -3 -3  8 -2 -3 -2 -3 -1 -2 -2 -2 -3 -2  0 -1  1 -3  0   45   0   0   0  42   0   0   0   0   0   0   0   0   0   0   2   0   2   0   9  0.77 0.14
   10 S    3 -1 -1 -2 -2 -1 -1  2 -2 -2 -2  1 -2 -3  0  2  0 -3 -2 -1   48   0   1   0   0   0   0  14   0   0   0  10   0   0   2  20   0   0   0   5  0.33 0.08
   11 K    0  1 -1  1 -4  1  5 -2 -1 -4 -3  3 -2 -4 -2 -1 -1 -4 -3 -3    7   7   0   3   0   0  56   0   0   0   0  26   0   0   0   0   0   0   0   0  0.63 0.12
   12 N   -2  0  2 -1 -4  0 -1  1  8 -4 -4  3 -3 -3 -3 -1 -2 -4  0 -4    0   0   9   0   0   0   0  11  55   0   0  25   0   0   0   0   0   0   0   0  0.80 0.15
   13 N   -1 -1  5  2 -3 -1 -1  3 -1 -4 -4  2 -3 -4 -2  0 -1 -4 -3 -4    0   0  41  10   0   0   0  31   0   0   0  19   0   0   0   0   0   0   0   0  0.59 0.11
   14 I   -2 -3 -4 -4 -2 -3 -4 -4 -4  5  2 -3  1 -1 -3 -3 -1 -3 -2  4    0   0   0   0   0   0   0   0   0  53  12   0   0   0   0   0   0   0   0  35  0.57 0.11
   15 K    0  1 -1 -2 -2  0  0 -2 -1 -1 -1  2  1 -2 -2  0  3 -2  1  0    9   7   0   0   0   0   2   0   0   0   1  22   7   0   0   4  29   0   7  11  0.17 0.06
   16 P    2 -2 -2 -2  3 -2 -2 -2 -2  0 -2 -1 -2 -3  5  2  0 -4 -3 -1   27   0   0   0   7   0   0   0   0   9   0   0   0   0  32  19   6   0   0   0  0.57 0.09
   17 M   -2 -2  1  4 -3  1  1 -2 -2  0 -2 -1  1 -2 -2 -1  0  4 -2 -1    0   0   6  42   0   5  10   0   0  12   0   2   8   0   0   0   5   9   0   0  0.41 0.09
   18 I   -2 -4 -4 -4 -2 -3 -4 -4 -4  5  1 -3  0 -1 -3 -3  0 -3 -2  4    0   0   0   0   0   0   0   0   0  61   0   0   0   0   0   0   4   0   0  35  0.61 0.12
   19 E   -2 -1 -1  1 -5  2  6 -3 -1 -4 -4  0 -3 -4 -2 -1 -2 -4 -3 -3    0   0   0   0   0   7  93   0   0   0   0   0   0   0   0   0   0   0   0   0  1.14 0.18
   20 T   -1 -2 -3 -3 -2 -2 -3 -3 -3  3  1 -1  2 -1 -3 -1  2 -3 -2  3    0   0   0   0   0   0   0   0   0  18  13   5   6   0   0   0  16   0   0  42  0.30 0.08
   21 I    0 -3 -3 -4 -2 -1 -3 -4 -3  4  1 -3  1 -1 -3 -2 -1 -3 -2  3    5   0   0   0   0   6   0   0   0  54   9   0   0   0   0   0   0   0   0  26  0.43 0.10
   22 D    0  0 -1  0 -3  0  1  0 -1 -3 -3  3 -2 -3  4  0 -1 -3 -2 -2    4   2   1   4   0   1   9   9   0   1   1  32   0   1  27   3   3   0   0   1  0.46 0.06
   23 I   -1 -2 -2 -2 -1 -1 -2 -2 -2  3  2 -2  5  0 -2 -2 -1 -2 -1  1    2   1   1   1   0   1   2   2   1  27  15   1  31   1   1   2   1   0   1   8  0.25 0.06
   24 S    0  0  0  1 -1  0  1  2  0 -1 -1  0 -1 -1  0  1  0 -1 -1 -1    4   3   2  10   1   5   9  17   3   3   5   3   1   2   3  20   5   1   2   3  0.11 0.01
   25 E    1  0  0  1 -1  0  3 -1 -1 -1 -1  0 -1 -2  1  0  0 -1 -1 -1   23   2   2   5   1   2  27   3   1   2   4   5   1   2   6   3   6   1   1   3  0.16 0.02
   26 E   -1 -1  0  5 -3  0  3 -2 -1 -3 -2 -1 -2 -3 -1 -1 -1 -3 -2 -2    6   1   1  57   0   1  19   1   0   1   4   1   0   1   1   1   1   0   1   1  0.61 0.08
   27 N   -1  0  1  0 -3  0 -1  0  0 -2 -2  1 -2  1 -2 -1 -1  0  5 -2    1   4  10   4   0   4   2  10   0   1   2  14   0   1   1   1   1   0  42   1  0.33 0.07
   28 V   -1 -4 -4 -4 -2 -3 -4 -4 -4  5  1 -3  0 -1 -3 -3 -1 -3 -2  4    0   0   0   0   0   0   0   0   0  51   5   0   0   0   0   0   0   0   0  44  0.60 0.12
   29 K   -2 -1  7  1 -3 -1 -1 -1  2 -4 -4  0 -3 -4 -3  1 -1 -4 -3 -4    0   0  79   2   0   0   0   0   4   0   0   4   0   0   0   9   0   0   0   0  0.93 0.15
   30 T    0 -1  0  2 -2  0  3 -1  1 -2 -2  0 -2 -3 -2  0  3 -3 -2 -2    4   0   1  12   0   2  30   2   5   2   0   2   0   0   0   2  38   0   0   0  0.36 0.08
   31 A    5 -2 -2 -3 -1 -2 -2 -1 -3 -1 -2 -2 -1 -3 -2  0  1 -3 -3  1   82   0   0   0   0   0   0   0   0   0   0   0   0   0   0   0   7   0   0  11  0.58 0.14
   32 W   -2  0 -3 -4 -3 -2 -3 -4 -2  0  2 -2  5  4 -4 -3 -2  3  2 -1    0   7   0   0   0   0   0   0   0   2  19   0  32  29   0   0   0   4   7   0  0.46 0.11
   33 E   -1 -1 -1  2 -4  3  5 -1 -1 -4 -4  0 -2 -4 -2 -1  0 -4 -3 -3    3   0   0   9   0  13  66   3   0   0   0   0   0   0   0   0   5   0   0   0  0.73 0.13
   34 R   -2  7 -1 -3 -5  0 -1 -3 -1 -4 -3  2 -2 -4 -3 -2 -2 -4 -3 -4    0  93   0   0   0   0   0   0   0   0   0   7   0   0   0   0   0   0   0   0  1.23 0.19
   35 M   -2 -3 -4 -4 -2 -2 -3 -4 -3  2  4 -3  5  0 -4 -3 -2 -2 -2  1    0   0   0   0   0   0   0   0   0   6  62   0  25   0   0   0   0   0   0   6  0.58 0.11
   36 V    1  0 -2  0 -2  0  3 -2 -1  0  1  0  0 -2 -2 -1 -1 -3 -2  1   15   3   0   3   0   2  32   0   1   2  23   4   0   0   0   2   0   0   0  13  0.16 0.06
   37 K   -1  3  1  0 -4  1  1 -2 -1 -3 -3  5 -2 -4 -2  0 -1 -4 -3 -3    4  14   6   2   0   0   7   0   0   0   0  63   0   0   0   5   0   0   0   0  0.57 0.11
   38 G    1  0  3 -1 -2 -1 -1  3 -1 -3 -2  0 -2 -3 -2  2 -1 -3 -3 -2   14   4  24   0   0   0   0  33   0   0   4   3   0   0   0  17   0   0   0   0  0.39 0.07
   39 D   -2 -1  0  7 -4  1  1 -2 -2 -4 -4  1 -4 -4 -2 -1 -2 -5 -4 -4    0   0   0  82   0   6   0   0   0   0   0  12   0   0   0   0   0   0   0   0  1.10 0.16
   40 V    0 -3 -4 -4 -2 -3 -3 -4 -4  3  0 -3  0 -2 -3 -2 -1 -4 -2  5    7   0   0   0   0   0   0   0   0  14   0   0   0   0   0   0   0   0   0  79  0.61 0.13
   41 R   -2  6  2 -2 -4  0  0 -3 -1 -4 -3  4 -2 -4 -3 -1 -2 -4 -3 -3    0  59  11   0   0   0   0   0   0   0   0  30   0   0   0   0   0   0   0   0  0.80 0.13
   42 F   -3 -3 -3 -4 -4 -3 -3  0  0 -2 -2 -3 -2  3 -4 -3 -3  1  8 -2    0   0   0   0   0   0   0  11   0   0   0   0   0   8   0   0   0   0  81   0  1.22 0.19
   43 R   -2  7 -1 -3 -5  0 -1 -3 -1 -4 -3  1 -2 -4 -3 -2 -2 -4 -3 -4    0 100   0   0   0   0   0   0   0   0   0   0   0   0   0   0   0   0   0   0  1.36 0.20
   44 F   -3 -4 -4 -4 -3 -4 -4 -4 -2  0  0 -4 -1  7 -4 -3 -3  0  3  0    0   0   0   0   0   0   0   0   0   5   0   0   0  82   0   0   0   0   7   6  1.09 0.17
   45 V    0 -3 -3 -4 -2 -3 -3 -4 -4  2  0 -3  0 -2 -3 -2  1 -4 -2  5    4   0   0   0   0   0   0   0   0   0   0   0   0   0   0   0   9   0   0  87  0.63 0.15
   46 L   -2 -3 -4 -4 -2 -3 -4 -4 -4  4  3 -3  1 -1 -3 -3 -1 -3 -2  3    0   0   0   0   0   0   0   0   0  54  26   0   0   0   0   0   0   0   0  20  0.54 0.10
   47 T    0 -1 -1  1 -1 -1 -1 -2 -2  1  0 -1  0 -1 -1  0  2 -2 -1  2    2   1   1  14   1   1   2   2   1   1   2   2   1   1   1   2  27   0   1  36  0.11 0.02
   48 G   -1 -2  0  4 -3 -1  0  3 -2 -1  0 -2 -1 -2 -2 -1 -1 -3 -3  0    0   0   0  38   0   0   0  34   0   0  15   0   0   0   0   0   0   0   0  12  0.32 0.03
   49 Y   -1 -1 -2 -2 -2 -1  1  1  0  1 -1  1 -1  1 -2 -1 -1  0  4  0    0   0   0   0   0   0  15  12   0  17   0  12   0   0   0   0   0   0  33   9  0.16 0.03
   50 D   -1 -1  1  5 -4  0  3  1 -1 -4 -4 -1 -3 -4 -2  0 -1 -4 -3 -3    0   0   0  61   0   0  27  12   0   0   0   0   0   0   0   0   0   0   0   0  0.70 0.04
   51 K    0  1  2  0 -3  1  0 -1 -1 -3 -3  4 -2 -3 -1  2  0 -3 -2 -3    0   0  17   0   0   0   0   0   0   0   0  58   0   0   0  25   0   0   0   0  0.41 0.04
   52 Y    0  1  0  0 -2  1  2 -1  0 -3 -3  3 -2 -1 -1  2  0 -2  2 -2    0   0   0   0   0   0  14   0   0   0   0  41   0   0   0  33   0   0  13   0  0.29 0.03
   53 F   -2 -3 -4 -4 -2 -3 -4 -4 -2  0  2 -3  1  6 -4 -3 -2  0  2 -1    0   0   0   0   0   0   0   0   0   0  26   0   0  74   0   0   0   0   0   0  0.65 0.04
   54 K   -1  2  0  0 -4  1  3 -2 -1 -3 -3  4 -2 -3 -1  0 -1 -3 -2 -3    0   0   0   0   0   0  25   0   0   0   0  75   0   0   0   0   0   0   0   0  0.51 0.02

                      K         Lambda
Standard Ungapped    0.1366     0.3196
Standard Gapped      0.0442     0.2670
PSI Ungapped         0.1446     0.3176
PSI Gapped           0.0442     0.2670
