
Last position-specific scoring matrix computed, weighted observed percentages rounded down, information per position, and relative weight of gapless real matches to pseudocounts
           A  R  N  D  C  Q  E  G  H  I  L  K  M  F  P  S  T  W  Y  V   A   R   N   D   C   Q   E   G   H   I   L   K   M   F   P   S   T   W   Y   V
    1 M   -1 -1 -2 -3 -1  0 -2 -3 -2  1  2 -1  6  0 -3 -2 -1 -1 -1  1    0   0   0   0   0   0   0   0   0   0   0   0 100   0   0   0   0   0   0   0  0.35 0.01
    2 S    1 -1  1  0 -1  0  0  0 -1 -2 -3  0 -2 -2 -1  4  1 -3 -2 -2    0   0   0   0   0   0   0   0   0   0   0   0   0   0   0 100   0   0   0   0  0.46 0.00
    3 P   -1 -2 -2 -2 -3 -1 -1 -2 -2 -3 -3 -1 -3 -4  8 -1 -1 -4 -3 -2    0   0   0   0   0   0   0   0   0   0   0   0   0   0 100   0   0   0   0   0  2.04 0.00
    4 S    1  0  0  0 -1  0  0  0 -1 -1 -2  0 -1 -2  0  3  1 -2 -1 -1    3   2   2   2   1   1   2   3   1   2   3   2   1   1   2  68   2   0   1   2  0.25 0.00
    5 E    0 -1  0  0 -1  0  2 -1 -1 -2 -2  0 -1 -2 -1  3  2 -2 -2 -1    1   1   1   1   0   1  18   1   0   1   1   1   0   1   1  55  15   0   0   1  0.30 0.01
    6 N    1 -1  3  0 -1  0  0  0  0 -2 -2  0 -1 -2 -1  2  2 -2 -2 -1   16   1  35   1   0   1   1   1   0   1   1   1   0   1   1  15  22   0   0   1  0.26 0.01
    7 I   -1 -3 -3 -3 -1 -3 -3 -4 -3  4  1 -3  1 -1 -3 -2 -1 -3 -1  3    0   0   0   0   0   0   0   0   0  56   0   0   0   0   0   0   0   0   0  44  0.40 0.02
    8 K    1  1  0 -1 -2  3  1 -1 -1 -2 -2  3 -1 -3 -1  0 -1 -3 -2 -2   21   0   0   0   0  30   0   0   0   0   0  49   0   0   0   0   0   0   0   0  0.38 0.02
    9 L   -2 -2 -3 -4 -1 -2 -3 -4 -3  1  4 -2  3  0 -3 -2 -1 -2 -1  1    0   0   0   0   0   0   0   0   0   0  83   0  17   0   0   0   0   0   0   0  0.48 0.03
   10 A    3 -1 -1 -1 -1  0  1  0 -1 -2 -2  0 -1 -3 -1  2  0 -3 -2 -1   66   0   0   0   0   0  17   0   0   0   0   0   0   0   0  17   0   0   0   0  0.35 0.02
   11 E   -1  0  0  1 -4  3  4 -2  0 -3 -3  2 -2 -3 -1  0 -1 -3 -2 -3    0   0   0   0   0  16  67   0   0   0   0  17   0   0   0   0   0   0   0   0  0.63 0.03
   12 K   -1  2  0  0 -3  3  2 -2 -1 -3 -3  4 -1 -3 -1  0 -1 -3 -2 -2    0   0   0   0   0  17  17   0   0   0   0  66   0   0   0   0   0   0   0   0  0.51 0.03
   13 N   -2 -1  5  5 -3  0  1 -1  0 -3 -4 -1 -3 -3 -2  0 -1 -4 -3 -3    0   0  50  50   0   0   0   0   0   0   0   0   0   0   0   0   0   0   0   0  0.75 0.03
   14 F   -2 -1 -1 -2 -3  2 -1 -3  5 -2 -1 -1 -1  3 -3 -1 -2  0  4 -2    0   0   0   0   0  17   0   0  29   0   0   0   0  25   0   0   0   0  29   0  0.48 0.03
   15 Q   -1  1  0  1 -3  4  4 -2  0 -3 -3  2 -1 -3 -1  0 -1 -3 -2 -3    0   0   0   0   0  31  53   0   0   0   0  16   0   0   0   0   0   0   0   0  0.60 0.03
   16 K   -1  4  0 -1 -3  2  0  1 -1 -3 -3  3 -2 -3 -2 -1 -1 -3 -2 -3    0  46   0   0   0  12   0  16   0   0   0  26   0   0   0   0   0   0   0   0  0.47 0.02
   17 D   -2 -1  1  6 -4  2  1 -2 -1 -3 -4  0 -3 -4 -2  0 -1 -4 -3 -3    0   0   0  83   0  17   0   0   0   0   0   0   0   0   0   0   0   0   0   0  0.86 0.04
   18 K    2  1 -1 -1 -2  1  1 -1 -1 -2 -2  3 -1 -3 -1  1  0 -3 -2 -1   34   0   0   0   0   0  12   0   0   0   0  42   0   0   0  12   0   0   0   0  0.29 0.02
   19 D   -1  0  0  2 -3  3  4 -2  0 -3 -3  2 -2 -3 -1  0 -1 -3 -2 -3    0   0   0  14   0  29  45   0   0   0   0  12   0   0   0   0   0   0   0   0  0.56 0.02
   20 F   -2 -3 -3 -4 -3 -3 -3 -3 -1  0  0 -3  0  7 -4 -3 -2  1  3 -1    0   0   0   0   0   0   0   0   0   0   0   0   0 100   0   0   0   0   0   0  0.92 0.05
   21 A    3 -1 -1 -2 -1  0 -1  0 -2 -2 -2  1 -1 -2 -1  1  1 -3 -2 -1   71   0   0   0   0   0   0   0   0   0   0  17   0   0   0   0  12   0   0   0  0.32 0.03
   22 K    1  2 -1 -1 -3  1  0 -1 -1 -3 -2  5 -1 -3 -1  0 -1 -3 -2 -2   16   0   0   0   0   0   0   0   0   0   0  84   0   0   0   0   0   0   0   0  0.48 0.03
   23 A    3 -1 -2 -1 -1  0  1 -1 -2  0 -1 -1 -1 -2 -1  0  0 -3 -2  1   66   0   0   0   0   0  17   0   0   0   0   0   0   0   0   0   0   0   0  17  0.27 0.02
   24 M   -1 -2 -3 -4 -2 -1 -3 -3 -2  1  3 -2  5  0 -3 -2 -1 -2 -1  1    0   0   0   0   0   0   0   0   0   0  58   0  42   0   0   0   0   0   0   0  0.44 0.03
   25 H   -2 -1  0 -1 -3  0  0 -2  8 -4 -3 -1 -2 -2 -2 -1 -2 -3  1 -3    0   0   0   0   0   0   0   0 100   0   0   0   0   0   0   0   0   0   0   0  1.14 0.06
   26 G    0 -3 -1 -2 -3 -2 -2  6 -2 -4 -4 -2 -3 -3 -2  0 -2 -3 -3 -3    0   0   0   0   0   0   0 100   0   0   0   0   0   0   0   0   0   0   0   0  1.15 0.04
   27 K   -1  0  0  3 -4  1  3 -2 -1 -3 -3  2 -2 -3 -1  0 -1 -3 -2 -3    0   0   0  29   0   0  41   0   0   0   0  30   0   0   0   0   0   0   0   0  0.54 0.02
   28 T    1 -1  0  0 -1  0  2 -1 -1 -2 -2  0 -2 -3 -1  4  2 -3 -2 -2    0   0   0   0   0   0  16   0   0   0   0   0   0   0   0  70  14   0   0   0  0.41 0.03
   29 T    1 -2 -2 -2 -2 -1 -2  1  0  0 -1 -2 -1  1 -2  0  1  0  4  1   17   0   0   0   0   0   0  16   0   0   0   0   0   0   0   0  14   0  36  17  0.22 0.02
   30 E   -1  1  0  0 -3  1  3 -2 -1 -3 -3  4 -2 -3 -1  0 -1 -3 -2 -3    0   0   0   0   0   0  31   0   0   0   0  69   0   0   0   0   0   0   0   0  0.54 0.03
   31 G    1  2 -1 -1 -2  2  0  1 -1 -3 -2  3 -1 -3 -1  0 -1 -3 -2 -2   17  17   0   0   0  12   0  14   0   0   0  40   0   0   0   0   0   0   0   0  0.32 0.02
   32 G    0  1  0 -1 -2  0 -1  3  3 -2 -3  0 -2 -2 -2  1  2 -3 -1 -2    0  12   0   0   0   0   0  31  16   0   0   0   0   0   0  17  24   0   0   0  0.30 0.02
   33 G    0 -3 -1 -2 -3 -2 -2  6 -2 -4 -4 -2 -3 -3 -2  0 -2 -3 -3 -3    0   0   0   0   0   0   0 100   0   0   0   0   0   0   0   0   0   0   0   0  1.15 0.04
   34 L   -1 -2 -3 -4 -1 -2 -3 -4 -3  2  3 -3  2  0 -3 -2 -1 -2 -1  2    0   0   0   0   0   0   0   0   0  12  71   0   0   0   0   0   0   0   0  17  0.41 0.02
   35 S    1 -1  0 -1 -1  0 -1  2 -1 -2 -2  1 -1 -3 -1  2  2 -3 -2 -1   17   0   0   0   0   0   0  16   0   0   0  12   0   0   0  38  17   0   0   0  0.29 0.02
   36 A    4 -2 -2 -2 -1 -1 -1  0 -2 -2 -2 -1 -1 -2 -1  1  0 -3 -2  0  100   0   0   0   0   0   0   0   0   0   0   0   0   0   0   0   0   0   0   0  0.50 0.04
   37 L   -1 -2 -3 -4 -1 -2 -3 -4 -3  2  4 -3  2  0 -3 -2 -1 -2 -1  2    0   0   0   0   0   0   0   0   0   0  84   0   0   0   0   0   0   0   0  16  0.45 0.03
   38 T   -1 -2 -2 -3 -1 -1 -2 -3 -2  2  3 -2  4  0 -3 -1  1 -2 -1  1    0   0   0   0   0   0   0   0   0  12  34   0  40   0   0   0  14   0   0   0  0.30 0.02
   39 G    2 -1  0 -1 -2  0 -1  3 -1 -3 -3  1 -2 -3 -1  2  0 -3 -2 -2   24   0   0   0   0   0   0  31   0   0   0  17   0   0   0  28   0   0   0   0  0.34 0.02
   40 K   -1  2  0 -1 -3  1  1 -2 -1 -3 -3  5 -2 -3 -1  0 -1 -3 -2 -3    0   0   0   0   0   0   0   0   0   0   0 100   0   0   0   0   0   0   0   0  0.64 0.04
   41 N    1 -1  5  0 -2  0 -1  0  0 -3 -3  0 -2 -3 -2  1  0 -3 -2 -2   24   0  64   0   0   0   0   0   0   0   0   0   0   0   0  12   0   0   0   0  0.49 0.03
   42 Q   -1  3  0 -1 -3  2  0 -2 -1 -2 -2  3 -1 -3 -1  0  1 -3 -2 -2    0  29   0   0   0  14   0   0   0   0   0  40   0   0   0   0  17   0   0   0  0.42 0.02
   43 E   -1 -1  0  4 -4  1  4 -2 -1 -3 -3  0 -3 -4 -1  0 -1 -4 -3 -3    0   0   0  41   0   0  59   0   0   0   0   0   0   0   0   0   0   0   0   0  0.74 0.03
   44 A    4 -2 -2 -2 -1 -1 -1  0 -2 -2 -2 -1 -1 -2 -1  1  0 -3 -2  0  100   0   0   0   0   0   0   0   0   0   0   0   0   0   0   0   0   0   0   0  0.50 0.04

                      K         Lambda
Standard Ungapped    0.1218     0.3032
Standard Gapped      0.0380     0.2670
PSI Ungapped         0.1241     0.3165
PSI Gapped           0.0380     0.2670
